901 993
410 700
769 600
320 571
450 444
123 82
879 341
104 565
372 727
622 685
33 623
811 96
790 836
38 562
841 196
360 326
97 189
317 740
837 509
368 198
53 436
387 76
284 130
219 12
679 318
248 386
141 477
882 242
343 108
185 55
27 370
41 108
248 397
541 575
867 790
521 726
366 621
496 342
30 817
729 129
341 144
46 323
197 513
583 157
610 132
60 240
433 559
894 396
156 895
73 91
506 315
436 406
214 511
365 4
232 384
523 387
27 678
130 471
134 20
473 768
821 346
279 824
662 213
864 554
503 612
196 422
241 106
880 126
90 597
60 104
183 291
12 159
394 558
225 489
743 156
899 519
849 80
80 432
889 113
868 315
157 204
849 820
109 827
445 374
237 50
402 466
692 197
71 9
497 686
716 310
528 113
235 100
497 586
796 171
97 439
821 470
623 94
110 466
60 607
121 876
264 201
714 728
627 738
325 335
899 614
806 371
874 843
875 594
107 409
800 285
432 403
898 90
871 244
693 756
566 536
223 617
279 56
8 427
655 192
308 231
43 118
877 430
488 701
435 483
814 385
299 411
416 257
355 446
125 237
107 71
421 163
265 566
394 748
156 502
684 251
39 339
100 674
675 497
452 609
669 155
725 110
30 250
175 440
462 74
241 555
790 782
71 83
688 239
897 71
40 701
622 585
855 13
871 834
299 173
607 262
89 371
470 653
376 188
729 261
660 799
347 325
853 642
27 211
345 513
375 442
691 193
408 153
528 396
719 396
264 387
746 267
717 470
617 212
873 693
855 54
140 748
257 49
183 270
644 3
398 628
614 785
162 26
431 880
27 630
743 383
692 474
870 169
288 185
317 835
760 186
62 523
853 770
448 620
35 838
763 517
523 882
414 870
671 160
254 742
2 71
214 179
748 240
587 607
455 582
251 108
769 881
696 260
271 732
566 572
895 694
162 195
22 840
579 295
583 118
409 547
26 723
394 137
79 423
129 664
201 804
142 229
167 609
572 137
343 534
869 82
595 366
228 471
128 831
72 102
298 611
795 803
328 889
302 465
89 388
233 354
403 711
293 743
607 848
819 622
191 836
369 515
473 783
834 814
34 821
537 183
734 763
232 280
283 405
705 571
147 900
879 618
58 456
355 594
295 549
694 765
598 892
676 564
802 388
387 14
591 443
890 21
591 645
360 855
868 584
634 19
394 365
456 480
302 472
793 620
771 307
284 64
213 568
634 592
257 544
282 804
866 432
24 580
514 627
695 657
325 646
555 415
341 855
461 77
49 436
210 538
195 744
403 544
618 698
605 110
743 182
615 143
640 138
659 38
450 703
686 293
707 705
213 162
327 231
316 899
807 729
214 819
172 786
159 86
397 146
825 833
356 249
230 623
176 178
640 225
537 733
116 867
3 384
802 488
507 133
27 364
218 604
593 289
468 389
205 412
269 637
228 835
184 861
50 309
790 245
199 265
894 641
825 894
661 640
334 446
259 356
893 500
537 882
670 255
735 531
751 548
863 517
727 198
373 659
328 722
656 497
200 750
771 386
871 885
285 370
857 548
98 575
498 219
434 676
809 682
27 490
802 822
569 812
67 422
897 106
709 749
274 193
401 168
876 308
115 538
86 265
866 759
321 840
255 781
88 109
474 164
133 832
775 273
788 297
299 237
876 519
107 45
432 849
190 33
471 869
817 777
778 682
772 721
539 697
799 410
588 440
861 886
157 684
134 536
221 739
315 732
550 144
810 770
602 117
241 257
653 665
564 479
26 620
900 141
736 486
146 221
416 709
120 770
698 113
721 861
726 604
200 848
740 193
720 646
714 421
851 169
272 677
439 435
736 238
183 189
588 563
493 455
514 76
618 864
356 149
856 278
740 263
36 230
29 51
715 200
246 748
533 91
515 683
764 648
448 670
484 325
352 619
41 843
161 828
172 208
127 692
186 127
580 94
709 772
357 191
810 484
698 522
774 42
252 265
397 37
876 181
4 34
875 129
542 415
201 82
615 427
760 235
240 696
329 774
752 848
175 119
10 561
131 557
414 564
328 299
523 617
746 441
818 61
830 50
499 397
855 795
298 63
370 557
312 221
529 650
170 336
193 816
2 733
46 598
626 305
129 167
490 854
592 331
401 207
867 248
281 48
605 136
128 564
339 519
731 793
787 539
633 652
5 563
810 79
718 762
568 117
842 450
118 547
512 737
761 304
882 396
110 206
7 594
605 373
17 418
445 204
369 675
212 102
710 173
383 431
728 523
610 138
298 892
170 740
215 564
173 188
440 8
127 296
75 648
402 718
644 849
738 577
334 879
198 730
120 205
246 874
13 309
776 836
163 408
43 548
585 897
731 837
667 44
396 271
300 152
138 152
474 874
198 647
564 260
608 733
747 370
855 690
263 719
238 555
488 617
709 290
558 191
514 28
852 472
315 408
466 267
571 505
649 381
896 459
549 399
329 606
296 690
761 820
768 196
432 204
844 802
628 532
661 218
448 484
169 54
405 317
164 154
504 579
302 212
836 437
879 366
461 639
653 405
296 207
515 197
311 499
473 304
854 91
642 555
876 270
556 352
338 817
417 187
105 342
736 274
856 292
393 490
556 82
228 439
391 165
273 761
367 818
68 600
545 541
683 50
405 370
279 409
527 620
469 185
579 865
370 576
18 335
870 124
799 48
819 475
789 355
79 799
176 784
93 194
676 720
80 57
363 527
393 759
629 626
540 83
498 428
196 733
871 533
693 469
781 579
91 111
84 308
413 800
727 756
644 794
153 750
513 105
197 512
260 754
469 524
279 440
412 407
606 219
364 693
25 436
588 859
776 44
717 697
615 626
169 151
835 818
563 451
623 499
727 697
881 456
2 422
176 490
71 282
243 176
568 582
228 369
135 633
74 367
807 62
821 703
204 542
557 595
267 207
438 734
195 686
760 105
770 745
899 106
389 423
565 884
147 699
296 830
763 202
461 103
443 742
893 280
102 224
299 207
812 600
601 489
450 109
244 378
757 474
366 101
744 492
776 396
134 159
71 743
460 83
330 718
142 239
673 404
157 654
250 205
530 318
604 466
607 713
849 778
151 662
87 413
751 191
296 582
45 561
74 725
627 460
94 272
370 40
423 192
101 322
803 91
681 652
108 200
332 521
637 604
304 248
428 480
81 490
254 157
445 459
747 26
422 215
659 423
506 423
671 632
861 859
166 816
612 662
285 294
449 35
147 668
777 484
454 591
152 337
414 660
792 816
494 52
430 301
303 33
321 744
233 331
314 43
385 362
734 388
461 756
582 94
342 833
529 516
287 193
227 15
830 346
854 695
327 666
279 298
507 578
342 411
216 597
420 367
868 846
711 889
154 176
709 419
412 23
840 68
694 355
127 294
251 57
306 366
284 318
730 343
498 504
108 423
538 502
150 878
657 546
562 464
278 50
149 392
19 205
426 418
19 340
824 347
41 454
77 802
374 24
266 177
254 195
470 233
354 522
494 364
492 351
703 499
813 489
41 883
4 385
452 880
741 72
214 670
136 333
518 357
319 146
642 287
482 251
250 527
493 698
491 387
488 685
710 469
439 378
53 625
557 539
623 656
269 469
489 268
546 58
579 623
283 609
445 690
668 167
758 403
525 753
381 407
864 10
583 469
331 173
507 797
612 868
296 550
765 648
437 278
529 158
33 760
568 815
13 454
803 479
490 501
299 859
67 742
412 429
278 417
423 601
798 326
614 371
721 613
532 371
769 567
717 740
407 680
41 375
254 235
255 164
780 63
110 50
751 35
278 619
630 62
661 573
188 92
253 722
398 94
657 10
776 246
167 295
795 746
10 756
291 6
434 338
303 110
186 802
289 862
364 8
736 704
268 481
668 112
171 393
337 478
300 230
16 513
612 832
371 547
317 685
585 511
187 834
351 865
749 405
76 131
460 495
220 284
874 458
529 157
358 320
722 602
812 882
778 405
3 713
362 283
266 180
195 880
172 809
104 155
15 666
184 820
53 270
545 472
694 535
621 236
127 744
90 835
673 124
181 625
395 429
158 233
307 360
203 560
474 85
868 700
789 794
205 781
226 360
528 721
343 226
127 177
190 490
206 138
259 147
455 832
762 844
883 392
666 127
114 790
301 2
817 828
358 125
267 837
443 536
677 172
273 639
773 14
10 184
572 239
811 334
595 544
360 38
487 29
658 779
147 619
327 738
685 527
399 120
83 159
833 149
667 271
118 656
304 712
183 137
449 679
629 389
166 653
831 35
385 320
233 723
283 130
323 901
641 629
649 512
380 574
714 881
511 37
228 753
730 489
549 787
797 268
514 694
102 23
21 432
345 770
873 805
538 429
161 63
91 604
818 884
896 810
370 471
777 800
112 159
453 465
331 770
189 671
409 519
731 304
485 276
314 254
644 547
784 377
785 141
14 585
550 655
118 608
292 107
287 711
280 413
181 213
217 767
113 202
663 203
690 578
793 684
786 636
687 617
206 628
420 832
