1000 9878
46 779
656 587
108 916
994 981
170 243
268 431
532 197
626 168
919 647
78 523
190 65
229 933
178 697
12 909
188 217
950 591
95 844
61 748
488 424
816 623
296 451
313 491
100 805
832 18
493 786
597 236
56 306
19 422
540 28
190 669
999 921
294 442
861 600
41 179
501 89
672 507
505 30
749 259
862 34
101 852
912 185
124 785
399 901
383 490
404 621
421 649
154 20
523 375
488 694
362 147
571 461
398 667
905 837
975 145
452 928
750 188
610 284
314 961
316 274
118 623
780 38
220 918
380 578
681 575
955 72
974 852
996 692
776 837
267 74
876 590
788 664
111 835
958 712
225 452
662 928
281 346
103 972
284 911
722 247
206 924
23 766
798 160
871 986
358 747
57 364
958 554
889 655
599 972
413 79
380 6
38 580
167 928
578 585
47 766
928 372
929 145
52 288
833 371
845 477
96 548
116 687
90 562
87 382
125 935
19 6
981 75
157 643
462 966
638 639
472 834
968 583
638 324
228 678
616 89
412 94
731 696
473 88
534 417
369 863
26 712
322 335
160 414
751 538
863 60
241 786
845 609
829 493
634 135
320 195
400 641
771 332
222 238
65 305
273 45
568 728
397 210
865 67
532 883
774 940
459 537
867 356
425 665
746 639
418 935
747 316
653 114
13 275
900 541
362 6
658 603
609 15
426 763
139 210
215 281
864 443
284 860
24 306
41 756
561 509
927 26
508 258
1 6
516 867
650 701
263 130
859 720
713 283
112 926
977 414
171 355
464 247
543 475
466 925
655 573
603 356
401 54
916 79
918 533
634 878
548 562
931 394
441 922
59 808
134 151
621 521
177 944
110 118
113 818
12 389
864 239
741 176
635 917
782 466
752 727
644 471
494 256
173 937
375 7
303 346
426 454
134 576
63 230
187 575
666 845
963 245
482 442
501 334
670 545
947 860
584 930
514 777
460 485
902 724
445 407
853 10
730 455
969 517
500 441
173 621
792 712
89 358
416 754
326 21
960 511
954 976
305 486
340 401
912 370
307 328
645 528
98 351
729 423
552 168
678 472
348 795
165 763
27 758
505 304
956 329
408 463
671 822
164 354
201 184
186 204
546 572
942 300
358 284
277 100
106 502
604 409
141 693
920 328
979 743
484 271
766 189
95 527
950 36
898 387
812 61
707 785
160 572
103 628
181 154
823 863
403 144
300 575
945 757
712 200
721 14
521 279
964 422
402 955
510 808
721 159
207 956
632 526
16 184
599 218
303 393
233 581
973 151
781 973
919 723
668 465
209 476
829 225
554 472
717 828
557 723
339 586
691 737
817 878
380 498
697 304
915 489
256 698
186 823
144 955
934 150
388 318
317 112
120 818
193 130
434 172
731 910
994 84
212 9
602 657
970 221
611 197
917 654
925 915
286 643
892 746
474 867
330 207
439 419
421 660
444 347
652 272
728 982
31 853
417 705
383 326
370 867
779 671
211 49
432 258
714 440
54 649
845 658
318 786
173 21
182 387
426 691
862 289
471 193
771 977
797 625
304 441
73 739
590 609
495 60
426 469
224 543
968 144
452 257
552 623
537 221
299 254
581 290
233 886
509 705
829 802
432 90
594 361
742 817
964 267
416 49
199 494
275 486
939 63
296 716
337 865
690 807
830 419
824 269
116 763
924 824
267 715
911 34
750 126
935 152
42 89
333 582
9 912
66 67
854 40
346 795
403 360
276 730
339 614
813 818
191 606
766 786
527 144
288 279
143 667
200 995
44 268
583 89
877 316
934 781
135 744
616 570
669 592
304 684
356 893
876 116
369 766
957 469
686 827
853 292
344 780
295 887
171 813
580 647
956 412
546 787
507 421
840 556
947 336
514 309
550 735
178 909
112 439
918 83
956 130
978 326
466 197
870 126
205 727
724 789
920 597
712 757
434 615
611 701
614 204
615 157
319 416
582 366
305 274
513 277
567 222
491 747
521 802
577 878
578 820
637 278
394 88
949 906
589 403
661 6
811 921
20 815
210 288
256 840
765 178
430 741
879 446
2 564
320 971
323 208
786 744
480 316
916 27
647 469
198 895
750 312
609 904
976 149
481 809
472 980
492 495
4 851
42 426
939 168
560 291
34 726
164 665
471 527
274 201
720 25
959 778
411 203
308 660
297 960
902 606
30 42
672 203
326 400
14 46
182 988
38 400
222 461
350 134
117 697
562 534
688 677
79 715
87 701
371 561
476 552
894 789
403 610
640 461
652 619
501 139
82 307
52 692
886 22
736 587
148 809
520 860
799 522
272 5
974 612
467 990
154 105
340 348
362 244
714 97
80 725
166 752
500 454
63 668
657 263
272 291
680 160
573 427
667 938
745 478
654 724
768 515
384 284
799 78
656 456
16 951
112 768
519 447
138 406
983 786
234 383
452 202
163 825
220 318
536 510
372 481
618 409
197 269
603 359
254 965
222 954
142 528
107 805
314 393
892 742
523 247
767 458
858 202
949 49
950 746
845 448
646 243
104 960
744 237
617 353
156 363
640 44
109 86
129 726
920 999
117 635
647 620
959 814
378 137
836 382
903 524
824 35
455 511
938 983
99 81
816 848
964 775
490 990
402 280
645 236
740 302
99 190
687 801
264 329
411 234
344 55
622 718
555 767
740 701
586 24
895 787
507 562
477 918
95 347
709 731
636 621
213 908
895 224
435 792
308 944
827 896
232 982
692 606
72 639
605 267
514 262
224 298
277 272
405 331
922 39
391 360
303 620
850 325
121 263
379 871
340 743
258 302
332 71
63 513
175 663
842 432
516 689
481 241
29 514
727 495
283 830
231 732
396 631
228 432
163 836
20 827
607 769
756 77
244 281
305 427
775 236
355 573
266 470
699 690
425 348
668 669
871 626
566 228
898 674
538 589
65 993
46 860
587 932
988 573
437 289
636 495
655 167
837 832
898 964
262 615
928 143
870 196
605 905
803 833
588 217
471 567
610 609
26 670
834 121
602 461
30 594
950 899
679 323
97 515
648 237
920 594
995 54
333 899
924 106
341 392
888 865
874 860
50 266
571 852
668 338
518 993
892 628
425 839
282 248
787 161
316 930
291 874
758 132
140 125
841 216
737 927
679 788
56 720
723 220
779 670
743 161
488 747
175 597
306 292
309 963
409 21
416 886
845 610
439 241
354 604
944 317
33 626
825 526
309 741
55 385
577 897
747 465
234 292
608 121
867 968
10 149
713 466
660 303
743 173
21 499
78 252
587 866
641 142
920 323
953 140
72 90
370 6
320 799
90 185
181 110
536 19
223 487
560 425
100 114
341 872
595 673
9 6
878 48
240 452
848 3
385 795
601 973
677 433
218 438
611 437
444 77
26 613
299 603
174 661
433 557
251 290
240 374
795 219
244 917
65 442
692 833
454 20
844 644
957 99
904 881
944 782
268 456
568 318
75 990
594 706
900 261
207 245
859 483
606 37
168 219
499 683
525 1
537 132
514 306
571 463
862 322
849 673
832 913
559 358
107 367
179 618
992 215
595 434
809 100
376 124
585 72
788 555
42 821
911 525
98 985
326 103
485 403
626 695
609 451
497 617
243 125
742 97
798 279
547 21
231 740
452 215
866 40
422 571
538 880
10 137
263 297
808 199
219 21
737 464
975 586
209 95
997 14
319 22
727 245
363 942
15 297
976 775
371 767
707 121
411 596
584 460
61 556
958 778
356 248
494 57
553 940
455 244
520 864
613 976
528 710
473 45
238 879
534 28
43 783
503 153
450 775
342 793
938 342
933 938
131 996
674 534
658 499
473 645
994 315
636 868
86 508
469 492
243 389
425 782
155 181
598 411
145 383
218 863
796 954
637 772
799 501
657 484
165 709
206 403
540 439
73 126
457 159
311 44
975 69
318 856
141 429
415 18
510 148
315 390
372 93
135 147
546 534
672 965
158 816
694 390
265 401
409 894
564 950
925 318
233 130
180 959
552 266
275 613
457 586
955 199
831 632
237 587
220 319
646 839
918 952
9 386
727 296
976 852
7 776
210 404
284 691
871 585
512 470
343 144
792 70
824 343
163 743
789 679
521 281
886 661
155 567
375 144
896 573
26 776
706 182
13 574
940 881
220 786
39 366
99 451
247 203
602 502
621 442
791 608
481 647
991 968
464 595
268 547
401 70
387 247
703 421
670 694
748 850
312 598
570 776
226 36
768 623
605 616
52 664
455 685
38 50
801 647
144 142
762 180
122 343
749 602
456 287
184 878
166 642
667 875
707 535
239 328
16 163
361 646
934 647
887 893
818 164
33 996
733 23
521 927
975 462
634 716
68 170
750 970
72 173
848 804
998 52
176 123
949 592
197 987
128 254
917 50
793 252
78 118
280 41
872 512
871 911
228 367
436 692
517 653
970 510
924 641
228 822
655 531
345 630
850 21
91 22
347 128
447 101
14 5
717 71
738 930
483 994
695 560
223 275
298 102
962 129
781 891
801 5
146 434
238 180
928 876
262 612
159 996
442 988
722 656
373 708
873 516
13 947
701 262
649 187
861 632
471 529
467 496
584 960
568 453
71 18
436 445
900 12
616 433
50 267
322 548
105 972
913 143
821 526
916 886
866 169
832 377
796 220
11 250
585 535
16 278
675 969
403 778
619 816
179 883
890 24
793 345
192 230
139 417
505 353
235 184
588 636
58 723
885 14
151 350
139 318
505 722
388 413
732 919
125 147
127 847
202 658
700 245
719 139
173 19
875 889
15 784
487 375
749 864
699 439
477 445
907 130
563 548
90 578
202 628
96 223
632 1
318 626
49 239
915 764
384 116
572 281
224 883
703 613
885 578
104 713
561 835
489 725
147 471
760 788
851 447
689 296
673 931
391 672
659 624
371 754
212 806
101 84
437 403
310 899
591 566
8 749
356 197
925 883
834 952
156 172
67 679
865 982
293 325
678 405
26 755
961 468
174 555
928 27
948 214
809 776
260 176
616 286
288 297
705 88
616 429
210 459
583 91
696 261
22 841
577 6
995 819
373 107
134 955
411 322
303 848
255 75
348 703
820 804
795 504
335 419
887 662
671 581
526 376
179 847
630 850
404 616
847 260
546 785
582 51
861 232
917 694
166 714
980 266
175 616
328 145
990 423
520 623
482 646
391 192
432 447
965 235
235 450
554 341
976 700
59 112
576 262
794 453
667 625
615 159
780 176
622 182
219 886
236 808
623 670
206 112
297 948
194 520
965 269
37 826
23 763
119 582
154 582
927 833
987 250
597 583
737 471
24 102
388 527
137 265
67 72
712 179
589 243
993 702
276 811
155 554
872 456
303 466
530 455
704 981
963 800
431 382
331 831
561 717
854 62
874 866
496 202
226 831
133 273
887 54
992 164
174 583
526 792
268 857
752 283
491 321
952 173
806 56
130 569
188 359
784 550
257 698
829 490
724 256
113 202
923 566
142 259
456 518
18 885
424 36
939 647
101 996
190 527
599 307
658 805
307 369
611 799
39 798
244 988
373 240
856 214
529 16
412 908
2 176
554 613
769 789
690 101
72 980
837 431
774 717
620 561
409 35
317 634
89 971
586 865
202 682
560 968
281 25
598 836
158 817
675 489
509 67
715 920
955 105
222 696
711 207
944 454
11 17
379 699
729 772
73 296
861 287
992 466
224 844
745 254
183 766
270 681
879 367
202 799
65 761
393 802
622 455
345 537
238 460
555 506
812 491
764 812
622 438
90 207
471 350
258 831
651 828
467 923
671 433
159 749
517 987
420 196
768 367
401 394
893 931
170 89
887 244
317 771
930 463
648 868
186 943
156 779
977 437
38 750
14 153
202 523
69 631
568 42
56 382
511 806
66 939
731 935
650 318
184 418
870 762
264 474
118 120
749 311
363 132
236 398
188 105
190 555
359 464
198 86
904 861
662 574
277 429
766 661
32 564
785 138
77 13
73 136
685 497
614 473
550 437
748 279
254 472
510 38
257 834
595 508
688 63
888 855
680 158
492 710
538 100
371 205
408 321
120 75
267 6
505 535
894 27
850 682
129 57
449 772
582 436
324 699
310 235
666 763
996 478
244 283
564 826
211 594
513 204
370 145
797 652
821 262
894 324
115 812
788 433
518 238
993 629
618 266
251 879
712 203
752 776
327 722
589 187
741 54
186 766
793 398
704 895
959 451
899 886
967 514
414 902
167 250
295 1
103 932
846 564
318 205
105 512
325 735
307 892
739 518
678 861
274 15
477 564
763 71
981 900
32 37
179 438
753 109
585 855
562 589
467 499
161 37
142 217
435 81
327 167
791 756
313 685
373 997
818 690
285 687
257 738
239 754
904 855
870 742
706 351
429 996
908 293
322 596
753 728
917 959
455 656
95 441
61 249
979 362
203 940
504 842
156 723
469 532
154 60
984 323
468 348
676 153
136 975
642 281
26 982
786 699
303 507
496 956
650 911
957 513
582 246
729 674
162 741
262 702
861 421
366 637
42 863
500 76
561 425
716 787
973 103
348 143
559 531
798 313
103 439
750 598
586 991
456 248
647 204
975 707
814 711
708 462
836 27
638 282
56 557
440 332
521 741
760 789
155 803
593 139
59 531
703 858
464 65
564 572
858 273
807 232
674 780
56 250
346 781
18 330
220 804
759 497
320 430
119 86
976 754
345 13
806 130
94 368
403 365
187 786
213 14
783 150
127 456
643 611
863 452
341 426
71 241
293 55
977 722
885 297
434 79
515 714
458 89
649 944
407 896
230 557
840 881
255 74
928 938
442 565
540 318
619 799
912 189
582 379
348 815
956 46
741 768
460 925
508 677
415 427
206 73
719 249
421 518
280 678
151 381
141 391
789 491
404 847
7 354
717 950
858 782
876 571
206 198
245 612
746 987
289 650
453 407
241 657
383 554
721 655
277 703
12 410
451 138
949 919
732 601
517 691
516 794
738 662
43 308
297 30
690 533
659 542
975 263
384 960
629 544
844 482
445 745
237 903
243 266
999 224
523 204
601 668
218 607
753 489
418 402
347 376
977 225
684 148
68 566
111 368
998 129
8 281
88 743
307 775
569 88
310 654
463 648
305 436
156 32
485 700
580 255
143 474
866 252
702 111
282 634
835 394
770 727
330 846
97 585
101 913
833 125
47 175
288 310
628 822
934 221
807 673
564 705
703 724
571 670
878 526
311 411
299 871
692 982
913 999
421 728
960 6
207 337
799 503
749 628
205 918
488 217
426 965
460 897
62 853
357 555
709 262
361 680
306 283
839 903
219 518
571 493
184 1000
546 677
988 242
510 154
737 54
442 154
561 352
762 483
709 56
931 114
415 173
550 984
864 447
756 197
24 310
84 16
63 639
176 81
124 639
470 599
474 666
755 775
537 120
756 116
43 387
450 387
547 51
471 123
73 696
233 930
297 358
401 734
534 654
863 964
318 357
335 649
485 284
648 696
831 169
946 901
229 1
717 50
904 401
423 171
431 684
346 916
367 816
756 607
545 114
804 793
217 993
272 958
240 270
113 16
25 567
901 93
540 819
355 47
327 926
565 224
658 322
587 360
437 693
102 425
442 937
5 313
189 204
463 541
544 421
174 608
856 375
285 601
514 692
97 966
593 953
840 826
491 74
808 280
65 273
504 815
906 350
607 313
511 148
331 626
903 552
619 231
769 747
879 857
218 928
831 986
460 933
583 492
403 405
718 584
338 108
982 198
609 47
516 557
42 888
681 380
997 640
618 183
836 770
589 630
119 747
564 916
177 276
513 338
642 886
2 729
370 319
152 246
558 322
962 731
495 405
704 594
523 54
817 762
693 458
436 805
152 404
907 292
727 191
198 811
116 814
111 202
215 679
423 254
119 303
156 475
84 642
481 998
488 507
87 333
219 381
368 657
366 508
975 802
284 439
88 560
22 407
138 604
639 874
216 404
70 531
290 627
386 626
958 34
411 941
564 157
255 738
492 208
972 202
259 369
721 462
51 243
587 485
606 387
899 801
703 475
136 339
356 758
592 460
723 530
403 747
146 125
774 985
705 156
317 457
583 151
343 978
219 672
843 298
990 175
90 280
978 719
305 959
822 612
645 641
563 776
699 344
653 586
951 782
21 886
410 325
624 441
770 485
989 239
903 323
172 108
971 969
718 326
79 264
561 57
254 239
875 665
567 103
591 365
12 582
90 866
271 715
842 693
935 336
355 602
870 367
357 392
929 287
972 731
664 220
668 9
40 892
885 866
696 749
553 804
683 409
869 446
446 65
48 656
360 130
703 59
65 883
542 511
281 284
360 785
798 347
652 910
302 755
189 778
86 154
26 412
830 5
479 441
880 262
296 343
593 743
174 451
579 916
619 611
781 464
985 77
865 400
758 453
527 946
896 932
142 468
273 347
257 638
170 997
339 934
122 282
984 433
107 66
272 29
454 309
754 743
168 222
33 832
896 706
41 993
297 527
11 777
340 683
241 950
132 603
809 484
166 859
430 134
36 307
992 89
661 164
810 966
253 670
561 803
140 721
641 348
399 580
914 936
186 115
758 675
39 882
120 243
488 887
348 259
719 828
902 500
300 414
803 369
54 213
94 902
885 725
445 744
337 935
194 808
713 604
43 213
261 150
299 111
673 830
68 672
366 453
635 908
698 425
327 298
31 931
113 922
615 324
579 197
88 744
472 839
165 428
649 23
156 33
543 951
682 105
463 568
599 508
539 858
472 258
916 970
95 77
558 687
5 341
8 199
485 925
97 953
244 568
120 518
887 342
47 31
450 599
948 458
731 970
610 249
437 843
44 759
653 907
198 104
187 281
802 500
925 855
984 397
788 773
143 782
824 292
222 781
23 228
466 451
237 177
268 205
19 2
737 964
19 901
352 422
856 610
852 499
529 816
35 187
185 522
757 442
277 336
779 296
263 664
818 270
784 130
289 548
36 343
954 318
926 312
971 913
642 147
920 369
115 103
101 152
138 402
341 745
72 402
115 20
646 981
835 331
299 58
651 929
798 16
466 553
659 426
769 318
684 175
228 115
780 666
305 243
995 467
461 499
311 901
536 253
441 895
208 926
869 327
797 234
191 303
104 223
531 962
7 713
70 583
640 730
968 759
806 203
402 133
890 296
394 865
473 808
94 216
812 847
766 814
736 228
291 532
965 191
338 553
771 935
49 602
356 674
106 541
288 450
442 635
407 971
261 733
731 839
680 979
164 204
700 398
277 427
244 818
631 678
687 240
467 21
930 601
774 796
546 637
727 788
28 674
158 625
49 179
735 533
205 522
387 709
686 43
796 703
52 85
204 854
228 588
675 391
489 120
163 251
384 252
42 776
387 995
483 655
659 891
436 512
515 511
498 329
894 507
309 431
466 440
857 969
725 887
708 123
879 498
493 339
475 968
375 576
30 410
881 746
328 758
517 940
76 332
578 157
849 84
998 631
341 848
802 450
252 397
20 379
996 28
299 452
643 875
826 447
4 791
557 999
407 442
134 406
764 391
142 957
612 211
526 807
730 130
450 463
878 378
311 655
866 322
904 123
355 219
714 926
716 192
717 537
170 748
340 220
947 44
450 620
1 842
74 384
154 280
763 276
329 214
917 957
577 424
961 777
727 986
782 777
197 471
498 276
118 891
339 122
487 402
662 978
420 473
966 965
136 912
67 900
230 496
909 779
177 451
658 525
399 845
979 59
415 215
127 729
537 277
551 716
534 506
581 949
563 598
713 583
897 30
71 919
457 519
96 321
855 299
660 299
826 31
681 880
495 424
333 61
582 688
181 249
648 738
538 570
618 364
357 280
565 867
297 322
308 956
91 228
929 244
807 234
795 738
869 445
656 976
324 614
915 189
666 266
665 550
139 611
981 836
71 437
180 37
308 921
425 760
4 779
151 612
407 478
688 592
962 19
872 389
588 249
716 6
460 324
283 197
321 10
925 827
201 588
735 139
80 447
421 354
373 854
246 460
402 348
995 935
425 408
66 913
587 17
18 780
757 865
169 392
957 127
649 950
706 673
3 215
553 18
713 670
356 221
871 302
84 108
236 651
605 478
575 815
370 661
546 855
810 677
650 990
776 621
525 398
853 513
158 585
894 356
16 162
443 165
672 957
858 780
876 565
183 191
870 95
211 302
76 720
516 885
541 107
278 576
372 283
923 669
806 774
560 156
711 895
488 135
129 769
451 435
849 242
762 559
873 244
693 257
950 400
225 809
998 428
788 218
220 996
422 360
523 351
502 666
375 136
251 902
865 97
307 920
454 537
976 25
61 665
85 275
747 906
21 983
189 309
579 853
82 807
815 493
730 203
967 234
644 287
294 94
958 507
230 786
80 342
201 326
715 226
240 194
792 601
903 915
422 814
1 769
735 124
386 861
4 156
115 928
501 150
139 703
640 908
360 998
500 466
470 513
514 496
326 178
679 762
629 315
575 933
942 408
339 464
26 734
457 50
171 780
324 578
276 314
491 799
789 412
448 356
727 736
747 238
516 587
40 260
663 292
427 580
348 381
68 178
415 175
168 616
261 565
191 563
634 551
263 107
721 745
828 587
99 813
929 484
270 792
223 756
839 61
812 87
306 812
775 242
137 298
949 139
664 21
28 151
336 70
636 337
319 903
693 150
627 398
280 711
228 451
981 651
530 597
87 280
930 974
848 48
617 501
302 697
930 458
569 122
678 820
872 197
467 619
803 440
472 211
814 722
312 892
721 480
540 956
578 107
765 160
71 42
532 584
457 366
477 719
350 103
311 607
943 406
216 71
434 130
649 893
264 477
908 926
880 45
933 61
973 812
390 1000
482 777
672 313
455 574
810 603
829 237
960 100
135 956
946 11
801 884
841 295
269 822
933 287
746 748
991 413
872 794
727 644
558 138
897 791
846 306
315 422
712 818
829 793
246 206
296 537
215 310
966 522
771 520
747 58
243 57
64 55
997 864
447 387
73 602
510 481
367 88
567 378
647 122
858 393
877 603
675 633
494 85
980 880
916 472
722 475
741 77
579 126
651 861
564 458
251 977
398 270
219 383
517 828
419 785
481 852
475 889
656 772
237 111
238 184
753 506
905 43
573 992
29 355
431 307
89 136
551 34
934 430
937 474
386 624
994 669
147 193
961 460
947 785
35 114
976 271
28 172
47 240
30 998
271 504
682 433
421 43
95 132
653 752
273 236
274 703
701 228
846 934
248 628
526 497
505 11
838 327
532 834
231 33
349 138
169 316
153 935
740 557
871 261
664 748
891 587
54 609
843 300
866 903
539 23
123 914
143 833
662 200
277 319
226 409
525 105
653 180
620 809
93 935
611 566
975 57
465 704
339 347
179 642
854 789
397 498
598 899
784 203
970 746
344 581
172 88
46 705
139 97
785 695
220 332
742 201
912 88
50 655
324 306
629 4
917 195
884 266
544 837
907 501
911 485
345 598
451 417
439 688
996 211
561 874
869 379
911 266
967 839
200 478
169 529
132 419
61 515
944 1
377 982
564 430
391 578
638 338
574 835
85 382
798 966
56 108
130 783
301 83
612 674
562 778
53 321
311 893
367 673
636 238
181 557
249 351
502 123
658 27
94 145
957 13
227 304
523 847
22 648
930 839
862 154
47 768
869 850
509 92
467 238
951 576
974 739
350 345
614 698
580 894
984 435
100 980
900 657
577 292
210 839
796 962
690 125
783 708
970 989
358 398
535 103
28 747
31 196
162 661
162 381
699 358
75 640
850 262
377 332
175 741
490 137
291 504
510 204
794 449
620 530
617 674
444 714
873 328
880 640
241 662
660 345
418 92
935 737
394 213
413 215
965 410
354 817
346 157
831 465
191 87
929 170
959 513
110 398
354 386
191 309
507 224
350 39
479 14
887 157
742 640
66 161
873 567
657 514
281 194
713 926
933 853
735 345
5 450
62 141
999 724
817 936
717 719
326 262
99 136
999 549
678 140
543 861
188 466
61 92
634 142
83 764
869 997
139 702
670 750
965 742
913 75
991 278
259 105
709 737
219 18
144 167
621 989
62 33
424 183
577 407
524 698
1000 778
291 809
139 493
957 118
508 708
718 627
644 626
595 484
483 926
335 161
562 39
598 745
931 998
331 774
84 726
33 588
125 318
609 113
901 851
10 862
393 580
84 581
569 995
10 36
257 437
663 517
119 689
621 847
233 22
31 367
881 994
846 96
663 634
997 988
67 411
986 367
396 943
144 136
932 585
641 206
560 8
63 175
390 149
696 568
290 281
788 8
717 94
518 145
828 793
8 730
685 640
229 772
214 184
868 941
742 578
138 980
503 90
195 285
844 182
493 32
260 566
920 862
541 114
872 183
925 467
855 790
911 96
125 821
113 21
991 182
313 443
325 648
640 732
222 256
602 354
930 685
364 49
381 909
463 911
908 520
820 332
749 418
622 720
398 798
244 542
317 214
434 18
627 288
364 215
934 847
224 450
226 144
283 347
875 229
16 446
398 568
519 836
633 987
795 420
889 37
726 604
88 288
218 943
80 964
390 523
83 103
304 328
568 985
680 243
257 838
297 581
447 607
369 124
609 44
266 547
332 64
244 65
484 464
297 871
139 68
710 765
716 890
755 996
936 586
793 199
569 616
863 778
149 505
220 848
717 497
6 22
851 535
837 552
362 584
56 883
241 265
42 330
171 98
318 407
981 573
523 483
530 551
911 166
786 886
932 835
185 450
976 83
975 815
839 391
587 555
787 477
4 785
649 476
134 404
820 147
749 211
806 154
330 675
959 840
321 44
325 620
787 187
94 299
792 611
705 966
192 831
856 342
271 507
583 114
434 167
638 138
737 582
384 270
867 199
657 133
990 3
691 162
31 973
805 150
733 775
580 682
687 150
528 261
469 641
914 526
74 243
2 116
311 226
849 703
461 561
232 839
197 247
805 968
440 788
917 270
476 82
97 419
651 478
63 619
767 186
549 499
794 490
337 269
444 551
656 391
457 948
243 103
542 919
101 333
176 28
799 12
158 924
395 506
20 997
112 846
594 62
133 578
903 98
390 51
977 274
836 7
655 717
215 74
594 465
280 185
35 507
541 295
610 185
814 908
48 260
181 104
833 553
137 498
303 453
52 251
150 940
927 684
990 528
777 334
960 963
27 444
527 507
414 640
972 154
994 702
829 492
246 339
621 793
735 245
460 469
902 516
132 791
377 273
827 279
532 513
630 356
201 684
623 689
131 585
311 435
701 7
776 162
61 168
601 403
969 343
296 136
240 789
684 81
724 463
230 688
110 267
224 377
81 672
44 556
357 563
413 737
253 994
14 512
698 593
145 695
419 80
391 174
763 641
638 495
109 913
415 36
254 20
720 904
735 623
954 926
603 965
451 336
90 688
935 898
257 63
421 868
651 331
945 106
395 393
806 949
419 287
148 199
976 576
522 500
157 399
204 302
897 120
617 43
391 882
545 817
120 468
324 678
399 148
682 528
739 705
686 652
545 264
543 269
357 314
342 454
988 588
992 986
928 205
584 321
930 309
489 515
679 82
384 657
808 1000
703 88
547 548
87 487
933 963
829 658
827 958
797 180
1000 288
854 79
575 483
834 187
809 879
973 548
208 610
504 569
467 431
393 365
841 299
624 858
736 868
787 864
439 700
922 697
230 626
765 819
269 46
643 353
25 761
762 43
501 680
106 951
412 538
89 643
1 545
528 737
949 117
22 217
260 582
945 458
672 654
875 137
676 334
812 758
718 705
701 781
773 167
572 30
41 962
228 708
559 256
945 180
763 685
675 287
72 808
515 230
607 628
730 119
956 300
937 632
120 52
49 72
710 775
514 50
552 353
336 764
211 716
943 647
71 968
915 571
698 169
684 388
414 141
396 936
493 364
996 702
632 284
996 261
390 138
472 665
217 914
627 483
629 689
377 796
102 531
806 413
935 123
618 411
243 411
261 24
834 38
730 907
769 733
918 238
593 497
332 99
137 155
545 118
375 31
583 730
216 444
696 902
494 507
575 438
298 174
835 618
5 388
71 36
421 53
79 553
796 71
587 74
827 699
476 523
956 797
226 62
338 548
857 960
124 678
622 563
625 509
799 985
387 296
170 952
698 678
884 717
98 710
783 831
201 215
607 475
923 392
62 964
11 850
766 376
469 974
898 198
37 522
370 601
899 911
206 147
33 623
70 450
733 130
456 114
386 389
926 283
859 724
896 346
915 742
456 711
115 68
809 848
957 843
121 731
488 178
699 252
849 313
868 669
280 94
513 112
312 367
534 686
781 915
428 445
656 600
677 834
659 459
751 49
988 645
772 618
96 629
600 901
584 266
678 628
777 341
596 997
703 3
531 882
815 245
511 530
627 285
369 61
9 124
670 363
485 623
325 730
252 366
756 814
170 457
136 121
834 112
691 745
928 245
749 99
313 754
743 34
715 1
445 66
998 950
363 313
991 75
204 943
333 781
688 868
356 754
23 474
994 88
361 953
362 386
370 472
75 811
666 762
26 349
154 406
62 567
528 759
784 769
737 474
787 630
171 825
887 569
230 356
343 607
984 94
257 816
847 479
101 537
608 675
439 89
442 239
776 707
387 420
659 954
718 475
893 215
978 124
330 352
673 746
176 910
660 464
419 354
613 400
444 990
708 420
138 692
805 698
841 750
471 63
879 418
12 514
850 868
318 342
632 351
15 722
509 729
458 861
3 942
857 833
797 284
618 363
911 276
289 45
234 634
755 142
378 738
65 966
872 466
750 407
965 805
889 602
389 171
212 514
303 437
837 813
777 50
462 866
602 57
90 341
365 173
147 774
721 413
503 833
998 963
70 172
351 255
84 950
682 403
387 53
909 360
469 465
454 15
611 152
9 596
64 314
349 236
919 32
572 67
93 231
738 252
326 569
732 962
31 787
500 38
326 902
187 474
945 24
305 185
159 34
951 6
974 861
926 704
177 455
850 467
162 373
881 875
328 117
828 674
813 178
428 698
178 677
716 971
37 804
360 768
663 592
43 299
478 910
868 853
484 94
46 957
555 293
21 641
703 869
925 171
603 49
967 560
972 842
830 376
150 990
9 218
892 17
198 646
125 958
220 127
947 685
711 444
656 846
307 778
990 525
389 663
151 901
27 411
123 50
549 562
911 959
23 988
810 46
593 694
203 459
645 240
905 323
209 830
140 504
352 638
10 438
674 755
511 110
95 367
64 209
920 529
196 566
606 121
74 86
130 452
425 992
555 699
321 58
434 846
878 877
992 940
848 857
166 665
888 749
785 305
625 562
681 352
331 683
309 516
71 677
534 71
404 130
352 41
780 840
604 287
656 454
721 605
187 217
282 956
37 854
440 555
258 612
208 455
885 403
443 416
137 589
409 752
105 65
125 30
508 138
113 638
828 565
595 802
63 856
232 348
161 192
90 806
22 114
422 681
465 202
324 667
567 329
642 544
884 499
844 266
464 14
247 269
266 284
655 986
215 851
281 889
928 268
30 348
809 543
39 406
961 372
670 268
360 877
180 24
95 911
761 743
601 782
138 564
431 393
87 635
380 487
315 717
645 67
792 521
449 186
503 491
752 317
588 915
330 879
38 436
522 609
687 809
781 276
620 380
254 905
403 902
631 924
818 795
165 896
683 591
563 21
1000 985
840 654
692 951
287 381
89 670
587 171
805 240
666 278
26 233
248 313
141 232
783 649
700 121
594 532
214 658
340 376
732 906
328 320
954 508
224 145
41 573
961 764
343 664
223 934
439 229
386 275
443 238
82 98
357 812
705 997
750 973
253 139
879 683
400 731
438 39
132 886
573 568
944 408
619 294
822 473
292 552
907 125
266 79
360 382
323 114
270 655
436 691
458 983
771 666
281 394
465 165
963 162
215 17
343 220
842 749
385 484
354 759
997 79
229 213
712 241
270 425
843 269
765 500
275 469
161 462
384 683
683 449
25 687
105 633
677 675
215 740
53 249
247 44
864 762
919 746
481 986
652 999
797 202
946 644
987 867
964 589
734 575
237 509
772 280
77 596
298 131
62 248
299 742
446 283
564 154
435 38
200 865
147 858
846 728
958 438
702 416
244 717
263 637
924 401
526 69
70 833
622 754
352 550
830 991
501 75
619 920
487 393
349 832
321 347
991 360
701 792
852 226
207 937
748 83
842 24
218 910
990 144
461 606
353 61
224 206
580 571
887 937
253 845
954 400
450 90
318 795
947 392
192 411
193 886
733 116
314 874
58 316
884 960
171 631
281 219
745 414
104 530
316 602
124 589
841 947
628 461
920 318
759 869
776 802
76 858
48 73
727 395
205 413
557 72
775 17
698 555
444 775
323 110
168 833
589 200
203 533
6 496
137 359
668 207
328 534
536 27
440 432
792 133
467 857
656 980
859 255
146 382
328 613
972 950
539 765
332 85
795 663
392 130
599 241
123 184
911 53
517 174
61 738
82 831
375 454
527 453
422 111
467 548
650 636
288 177
363 407
435 2
471 832
611 445
922 560
460 471
90 644
620 309
621 12
400 298
308 675
695 977
865 570
592 286
187 530
830 872
501 190
692 841
218 720
330 765
795 64
708 487
430 485
197 294
454 415
771 491
252 630
204 690
98 429
600 87
265 818
486 780
14 663
406 205
895 633
605 331
20 583
477 248
740 802
999 87
563 531
606 847
809 774
432 438
859 625
145 983
718 308
940 790
997 707
889 970
466 141
709 223
456 139
370 497
867 927
85 874
46 736
341 720
971 889
183 345
612 637
806 661
646 994
59 708
261 256
669 387
565 722
489 743
565 835
972 843
117 844
704 957
394 389
33 195
768 154
285 428
55 982
852 640
686 876
522 430
587 757
273 877
437 179
899 888
407 510
635 225
764 459
216 337
536 694
653 595
263 907
735 235
94 225
78 958
598 177
493 604
713 473
329 432
537 891
312 578
748 245
937 66
666 640
540 233
778 818
502 356
164 213
296 997
574 408
978 513
314 372
465 978
746 613
73 149
628 577
495 586
303 943
10 654
727 783
313 325
127 959
112 460
741 959
689 860
529 811
236 613
478 702
654 733
533 788
594 226
611 704
426 624
244 415
82 14
819 911
127 610
534 422
348 333
756 114
104 238
928 833
859 891
935 646
992 344
134 99
764 948
485 181
287 643
863 928
662 437
133 809
845 120
539 949
785 926
399 234
656 909
87 167
398 310
94 641
515 117
124 168
513 677
869 322
467 766
696 904
473 17
664 81
857 187
165 220
520 293
851 50
655 409
776 405
753 971
972 307
574 203
575 662
812 836
339 662
340 197
705 25
524 635
583 24
344 175
143 587
917 932
404 713
876 181
605 401
292 6
743 295
732 532
969 510
16 980
18 626
334 296
57 477
303 631
628 724
19 932
10 565
374 936
175 553
548 53
399 741
572 915
367 273
59 64
520 558
723 41
272 407
721 696
395 467
414 461
115 70
470 996
737 423
637 610
613 348
765 113
358 77
163 941
682 583
186 278
670 60
746 334
15 361
91 159
38 954
208 81
280 382
284 43
985 703
18 462
346 963
60 821
542 746
817 698
627 287
683 81
852 696
892 201
985 345
415 858
4 931
851 60
636 198
144 550
346 660
403 711
557 858
905 265
748 799
584 968
307 99
455 363
627 938
260 875
711 58
805 433
808 363
402 388
188 405
9 574
66 569
970 195
160 104
706 713
651 359
841 374
150 72
726 639
760 2
325 62
912 744
847 473
151 342
889 211
482 523
124 872
453 154
864 287
319 451
887 857
270 991
366 516
920 400
432 26
250 753
756 9
275 564
926 373
504 380
802 831
417 283
111 929
717 740
205 412
298 526
106 505
724 584
746 128
747 601
779 498
115 467
318 514
101 44
490 830
46 935
747 758
185 1
811 853
404 357
423 11
766 102
616 363
68 842
53 58
510 739
635 998
997 243
703 628
741 257
661 428
556 822
794 847
834 944
490 632
523 532
877 127
718 896
42 222
5 490
299 709
374 155
468 852
450 683
416 999
518 664
852 946
286 952
52 826
458 241
611 13
902 650
652 633
563 174
32 806
714 782
297 198
1000 899
217 415
313 940
779 983
706 557
219 642
127 53
876 846
645 606
408 627
117 239
616 706
357 560
530 893
606 957
563 874
396 323
698 975
456 430
64 691
257 60
121 439
693 761
125 391
915 691
349 735
813 176
561 95
907 55
51 953
361 241
676 888
825 674
385 257
82 333
814 746
963 236
455 398
893 115
766 227
570 86
367 156
115 431
358 830
337 921
38 627
769 325
399 6
477 48
262 762
247 472
618 732
18 278
950 695
420 646
539 728
670 278
927 653
18 169
806 342
792 384
428 622
958 892
324 869
302 384
929 746
415 931
860 966
477 70
312 966
632 925
468 991
507 947
421 495
424 413
982 704
127 203
487 126
308 934
883 790
149 614
101 893
338 353
925 849
89 561
829 689
221 52
297 476
745 682
461 567
875 27
309 913
335 173
245 352
529 810
597 763
36 206
569 9
847 6
689 172
853 913
175 645
949 722
586 828
288 983
393 584
915 719
591 178
465 46
283 546
855 377
802 871
327 484
968 67
947 673
683 70
100 334
542 893
634 770
157 257
638 970
108 817
664 235
190 347
34 959
785 925
94 759
276 864
302 992
855 204
199 424
920 819
351 381
578 723
63 393
545 410
621 655
324 955
502 874
583 727
532 375
717 781
96 825
925 362
669 938
411 966
378 159
380 481
311 673
972 221
592 10
873 672
126 864
312 752
411 963
74 622
179 64
571 834
808 368
9 513
976 124
657 157
469 407
444 219
173 499
995 704
727 957
503 809
141 230
783 651
746 745
763 733
692 727
624 261
642 444
571 270
378 216
975 32
743 4
620 849
179 685
537 259
131 718
208 574
138 350
12 379
605 84
440 602
22 292
922 382
893 985
401 913
935 724
112 806
756 87
774 394
333 130
577 812
423 849
251 537
12 601
492 869
402 637
3 806
615 445
428 297
301 565
613 172
651 963
446 221
161 83
894 735
608 292
613 547
686 715
449 344
363 766
453 940
841 831
853 20
831 91
228 492
907 571
692 307
621 371
364 732
554 316
848 17
393 258
234 940
368 374
919 338
1000 379
412 409
511 893
43 735
563 292
469 329
695 975
243 948
361 813
843 197
809 53
493 580
496 488
574 375
41 236
448 106
300 591
248 488
785 221
625 414
383 506
311 329
334 666
156 602
468 356
865 216
83 7
255 447
76 964
348 97
956 352
561 336
49 4
440 903
755 144
824 149
618 146
638 209
620 964
822 264
509 3
96 232
613 413
279 159
337 146
852 195
750 606
418 53
93 757
498 359
6 212
443 490
119 629
10 155
708 54
391 778
443 836
569 648
16 632
989 571
7 826
52 417
234 460
648 744
671 480
216 682
566 222
163 729
753 245
393 92
105 458
587 634
328 615
459 207
975 783
787 509
351 474
670 330
503 143
532 303
591 567
740 394
703 262
173 887
999 687
839 454
731 729
757 585
856 310
394 803
329 410
75 234
863 93
425 911
28 316
657 212
356 942
877 305
827 740
711 594
826 913
979 417
754 655
540 310
601 256
547 462
292 95
184 832
577 319
359 97
254 393
491 809
590 551
295 761
6 628
814 47
339 141
412 232
158 172
667 987
135 161
809 335
127 763
187 190
315 485
563 523
400 549
349 734
336 675
232 468
983 771
180 604
992 446
808 770
120 361
598 723
515 150
453 689
517 716
58 163
349 992
67 51
679 923
828 882
850 726
523 196
707 99
712 267
125 970
255 879
868 950
704 959
669 163
855 152
989 850
204 46
795 629
209 384
953 703
191 304
907 579
323 392
105 704
144 720
215 543
381 883
511 676
833 196
49 853
144 623
566 742
164 610
165 183
316 805
868 458
467 435
729 4
400 264
644 59
645 270
494 684
540 116
728 204
321 778
487 157
969 742
143 625
826 949
463 212
489 127
756 254
294 598
207 211
999 151
433 543
714 5
336 835
903 589
196 727
210 230
785 541
572 26
258 430
245 302
215 458
415 4
201 136
37 530
842 451
11 955
305 218
757 579
914 884
499 92
29 563
980 533
107 611
608 76
970 559
292 567
613 469
387 797
923 895
358 304
305 388
470 990
626 544
242 857
194 916
105 215
414 241
197 527
436 841
733 973
147 278
186 368
371 820
119 466
138 255
202 943
837 575
154 545
896 15
360 178
584 182
328 592
312 181
366 488
758 744
260 317
315 826
32 308
711 524
18 379
242 781
644 475
916 288
97 723
411 808
940 78
181 846
458 453
791 517
259 652
7 710
599 296
992 331
341 8
91 625
668 231
541 367
448 322
356 587
958 624
201 526
801 622
299 925
675 786
982 370
566 893
348 602
673 992
339 777
302 383
782 901
848 513
597 906
340 421
567 550
291 891
787 606
516 352
420 93
745 756
690 175
126 317
625 578
737 904
832 932
893 517
948 890
429 443
802 567
892 572
431 922
724 848
872 256
3 38
404 838
112 712
96 205
426 594
98 919
245 548
768 873
163 881
721 719
812 162
285 318
551 519
347 109
261 309
744 391
797 643
279 940
998 268
910 930
638 999
966 814
971 163
175 923
831 356
637 53
233 791
629 262
780 371
21 710
252 881
100 65
467 958
87 325
458 519
21 567
423 839
814 360
561 546
601 589
711 496
707 345
625 396
251 53
532 276
181 674
242 400
743 816
134 373
327 9
380 694
425 1
541 371
504 518
212 319
160 466
278 422
812 810
305 580
877 332
588 769
477 862
773 657
321 754
361 957
141 39
680 807
608 414
314 621
494 983
922 876
10 866
653 972
446 858
381 340
469 539
18 709
434 770
634 421
192 240
11 660
123 936
823 301
127 992
383 330
405 372
117 186
580 550
999 44
358 188
840 395
344 602
559 708
46 489
215 498
804 189
736 219
257 214
901 773
171 616
334 36
686 185
638 558
880 666
239 361
578 805
297 838
599 729
567 127
879 313
292 591
976 1000
519 504
38 864
245 937
998 345
245 303
767 195
517 727
152 73
542 186
963 131
102 765
103 375
424 841
149 420
315 900
383 714
266 320
432 600
398 381
185 112
913 651
425 417
777 852
116 600
782 487
310 520
848 111
708 907
639 929
397 652
535 874
863 297
683 191
43 796
959 794
800 881
14 175
161 713
768 479
401 792
627 618
80 295
463 556
890 504
800 992
48 837
269 291
290 798
743 677
526 181
749 468
221 667
740 745
84 149
838 266
621 154
731 643
292 378
251 259
761 367
17 197
59 462
574 483
946 122
362 373
969 299
823 384
92 654
2 162
691 714
923 342
211 104
230 260
679 813
724 170
474 621
400 888
563 506
790 21
828 344
881 882
957 572
876 556
976 694
295 478
644 188
558 416
381 123
993 889
856 341
711 999
837 312
489 458
987 327
862 901
703 643
154 588
293 117
216 873
286 65
334 4
229 153
431 957
200 401
275 417
349 784
981 527
855 42
17 938
471 317
592 802
220 995
886 644
12 983
76 226
78 624
562 857
377 613
14 433
52 75
539 587
260 120
275 259
56 509
790 824
441 581
8 96
394 885
696 205
564 752
189 16
466 1000
680 705
296 202
351 876
40 207
411 312
583 198
362 454
179 772
397 197
740 995
210 658
567 626
953 970
171 773
888 753
60 137
448 850
177 180
175 417
36 121
993 74
277 369
874 351
965 36
183 107
650 588
614 277
391 30
598 850
566 542
816 299
564 953
945 905
139 94
876 679
289 71
77 262
940 900
350 381
185 861
977 393
696 591
45 458
85 621
357 456
837 574
533 469
384 852
938 391
242 56
212 864
67 191
962 294
286 846
803 627
713 517
129 512
209 338
824 209
705 296
632 622
969 837
824 64
57 855
792 414
663 883
484 690
640 722
859 454
735 187
740 323
174 617
502 10
692 238
787 899
666 624
795 156
615 567
120 665
227 735
649 347
411 260
182 577
588 632
430 356
654 499
537 743
211 16
645 660
166 674
687 361
418 730
664 670
341 823
23 881
300 794
395 246
23 998
686 162
85 973
694 377
970 753
978 36
254 819
241 592
3 667
797 529
195 163
305 423
898 404
404 477
445 695
964 245
640 195
739 655
137 335
484 18
703 132
592 859
837 931
489 589
56 232
698 283
749 897
650 134
143 406
781 880
854 430
68 631
507 49
294 241
423 983
574 951
142 901
180 248
678 843
365 196
369 129
501 388
160 100
177 111
921 887
591 923
939 394
902 530
598 141
568 464
260 854
943 435
856 459
983 947
592 453
667 437
597 370
562 677
268 472
586 303
754 617
993 295
95 419
136 698
46 157
328 50
982 633
514 435
199 641
700 426
957 309
481 100
466 496
874 501
857 705
934 591
59 131
810 713
81 719
795 311
107 383
418 766
236 537
941 242
227 806
727 673
837 33
328 207
55 100
862 652
137 943
33 526
740 366
436 637
219 871
332 574
557 51
136 500
176 18
693 531
570 462
254 815
366 869
37 779
21 406
848 781
704 536
634 969
104 820
724 535
452 374
845 201
632 234
959 321
717 623
927 999
824 572
197 710
717 399
114 164
646 917
189 726
637 216
161 125
143 133
327 680
693 629
868 924
924 926
712 352
252 425
825 71
882 48
845 444
739 905
351 439
336 148
29 175
548 861
809 603
94 495
792 423
904 289
55 360
248 987
393 316
982 110
235 567
84 377
612 255
80 280
982 473
143 377
471 860
903 935
565 336
568 492
911 836
143 750
459 781
460 546
668 95
709 613
411 174
602 727
325 876
161 923
236 441
130 330
539 170
761 366
274 689
411 351
505 40
126 408
861 987
865 280
776 311
596 152
407 779
931 661
734 234
737 838
365 893
477 67
463 16
447 975
171 824
658 982
93 19
330 359
828 490
386 181
260 654
282 450
828 345
576 482
297 647
724 794
102 82
598 823
352 241
171 599
684 4
689 22
858 303
201 460
185 983
771 568
78 10
461 898
44 110
797 552
466 792
12 396
31 368
237 603
589 390
579 368
211 532
896 182
516 915
580 110
546 202
985 986
712 190
204 330
152 469
561 911
835 56
391 526
181 86
879 163
310 634
777 887
190 156
393 126
34 888
381 559
238 136
4 832
646 147
65 854
891 238
88 753
837 780
90 387
223 237
40 29
507 854
554 389
147 809
846 885
678 548
782 141
278 508
136 389
529 338
929 600
666 541
29 37
669 662
999 947
545 936
766 906
362 436
752 244
633 855
761 266
305 796
108 231
805 199
273 318
796 910
176 527
853 715
175 307
490 419
382 877
793 688
421 607
850 451
62 835
301 505
12 108
204 13
24 610
940 720
283 637
572 907
165 555
22 428
25 120
334 498
840 339
880 596
310 107
604 625
757 306
885 493
608 666
638 239
289 684
509 969
326 641
572 745
281 105
747 405
417 192
309 338
76 579
497 914
480 672
963 815
712 75
307 689
111 75
612 748
295 176
7 892
870 300
587 806
536 40
14 901
495 345
940 314
890 893
405 493
696 686
555 831
114 127
575 222
119 953
116 657
88 606
157 668
544 721
469 80
401 272
441 759
234 89
320 480
639 713
973 625
21 868
78 879
192 810
329 455
476 658
138 352
188 286
216 79
624 892
649 869
946 289
995 884
563 24
235 59
877 392
515 925
439 429
434 549
968 40
663 98
57 408
50 863
36 158
936 132
809 410
645 804
922 91
262 456
559 290
528 62
598 950
663 320
137 946
11 985
763 828
715 945
813 100
228 964
335 928
194 724
697 377
641 403
81 174
651 230
393 762
569 625
25 683
389 415
302 912
599 906
108 935
289 27
53 34
453 792
241 258
546 380
356 213
266 317
995 899
396 737
756 534
997 300
284 393
904 262
707 347
545 20
621 815
255 519
492 187
293 294
925 289
108 363
36 536
97 542
459 915
521 108
207 593
812 917
83 607
491 258
570 675
978 784
152 888
643 9
678 133
618 437
903 881
966 128
164 154
420 236
376 288
966 19
399 950
890 38
454 455
701 990
690 980
247 660
127 994
760 806
573 260
442 262
836 586
672 571
235 325
953 882
76 967
883 497
194 980
562 230
90 679
969 248
970 643
646 590
850 173
672 793
72 245
686 302
177 302
978 581
841 775
462 313
799 753
655 714
16 635
346 286
555 430
662 390
674 464
531 585
414 842
987 27
509 723
114 165
372 605
891 487
752 228
548 601
717 31
260 352
998 520
968 971
626 219
761 832
812 708
225 998
255 938
540 734
173 995
445 158
768 465
473 77
847 807
332 304
226 815
9 787
781 629
468 848
658 384
513 828
886 890
726 979
199 945
607 52
630 383
832 290
122 78
594 555
558 635
207 331
344 875
52 548
71 264
607 234
476 376
149 590
340 479
35 427
474 841
952 729
921 398
887 539
563 961
384 480
611 973
685 302
796 585
951 495
573 409
650 598
798 784
637 710
819 521
935 955
352 242
979 847
522 511
225 469
465 454
503 17
698 156
422 564
208 352
176 402
358 666
604 198
796 686
453 702
992 288
525 986
181 36
792 119
480 995
293 371
686 663
103 771
96 563
831 15
725 520
673 474
431 669
479 24
203 786
789 519
596 795
373 417
229 970
87 508
707 317
536 794
100 889
322 303
217 3
90 307
772 477
61 882
448 871
209 679
709 806
47 195
449 208
14 56
454 835
476 655
324 779
156 985
268 643
886 1000
640 534
878 601
348 625
365 429
757 987
350 3
409 499
83 644
100 558
601 71
342 615
957 410
890 111
760 231
808 182
884 577
633 967
984 407
527 521
126 260
3 229
280 542
867 482
546 841
603 792
430 228
107 425
645 719
201 141
185 528
222 533
888 465
690 379
491 564
664 930
462 87
391 937
432 38
604 388
770 338
82 410
944 65
573 752
375 976
780 942
51 774
913 245
346 214
509 292
424 884
854 678
522 68
526 644
690 782
179 18
911 330
808 937
575 217
765 315
181 986
536 199
350 931
132 242
602 72
937 485
708 448
646 271
868 139
209 626
985 497
489 770
643 535
716 71
847 799
958 412
837 765
599 410
412 288
201 563
347 797
943 409
50 280
749 410
587 67
717 764
574 351
835 881
412 710
144 876
883 841
153 978
889 472
503 405
52 540
297 403
691 255
305 904
838 114
608 559
918 442
996 910
830 662
562 112
323 572
490 23
606 889
876 892
735 543
371 296
154 206
306 389
54 815
76 819
469 923
98 547
281 193
29 611
943 563
289 972
617 131
370 419
175 778
401 917
397 217
958 691
206 948
615 296
690 577
450 506
91 500
988 894
992 377
224 723
977 491
869 173
727 195
674 461
802 246
925 361
648 752
812 451
146 645
879 117
495 380
777 829
246 562
29 88
67 157
255 800
1000 242
111 332
242 55
977 806
543 595
692 319
416 242
695 692
340 485
557 691
82 853
905 673
489 877
113 41
169 879
479 78
212 213
697 321
734 402
353 395
207 592
726 948
14 496
56 294
723 686
887 355
626 145
30 894
179 160
445 317
469 439
382 114
387 508
766 594
638 393
182 547
573 146
443 949
467 59
801 815
767 76
240 719
170 790
687 271
780 419
853 627
712 633
106 168
668 395
182 333
340 369
89 783
367 304
377 952
650 514
417 429
733 255
145 894
831 598
420 265
755 968
646 873
315 699
674 382
471 52
608 230
609 659
573 824
632 236
341 536
17 818
570 46
474 123
38 584
169 655
224 622
315 921
411 582
180 265
303 362
593 16
137 506
378 398
125 915
734 995
968 603
878 450
939 202
872 832
100 838
835 269
808 671
679 132
592 246
874 896
726 97
782 183
461 884
52 912
382 699
379 816
221 615
576 538
661 635
818 763
629 129
98 69
939 633
977 718
549 970
753 871
755 653
683 636
373 126
306 9
236 458
109 596
928 940
101 836
102 487
526 325
912 169
568 699
364 422
40 500
794 133
391 273
283 648
680 36
939 965
706 968
445 157
126 203
3 422
379 829
959 940
866 366
254 111
759 871
241 653
117 265
850 33
957 795
747 427
396 557
492 794
972 524
898 427
612 635
632 153
135 464
655 553
603 360
180 719
720 460
855 138
7 794
426 218
134 155
450 196
531 725
80 625
69 979
513 851
609 778
186 557
542 454
446 507
43 448
160 192
158 463
132 174
282 735
691 697
809 710
322 351
886 249
19 357
120 520
939 468
578 140
355 285
230 923
66 856
967 2
719 57
293 223
791 816
539 283
189 43
343 841
235 960
700 270
577 509
616 466
987 986
218 801
168 22
939 45
362 340
819 23
145 762
678 428
202 509
993 478
261 904
466 438
818 35
658 568
455 882
978 285
350 426
192 426
214 811
215 454
306 414
31 558
127 778
234 343
206 191
45 3
796 733
448 190
813 126
428 28
659 872
590 848
936 446
793 242
137 630
889 601
85 776
305 440
459 481
881 921
185 866
186 397
404 452
121 688
418 232
493 356
111 85
591 479
320 806
727 175
452 479
699 950
223 412
336 48
294 605
674 136
622 306
971 470
160 962
458 751
60 815
960 869
801 692
686 803
274 627
472 596
820 785
517 863
248 934
359 946
985 327
608 448
886 508
294 91
857 189
991 206
630 410
264 233
767 407
740 733
861 639
53 674
807 633
293 236
709 312
436 121
348 709
360 137
300 608
961 826
880 182
19 716
421 736
403 877
408 513
406 28
136 528
102 431
412 997
487 99
344 979
865 183
528 417
899 464
989 110
476 71
465 722
121 272
163 23
92 407
864 504
774 565
975 476
758 964
707 594
465 355
432 116
290 142
954 217
756 45
927 238
784 360
253 117
607 886
976 512
594 83
121 739
124 262
567 388
846 69
518 477
523 34
488 201
142 588
192 440
293 992
43 249
355 699
109 376
617 189
530 540
397 531
823 589
300 242
285 894
17 512
513 667
612 119
527 494
307 843
74 578
476 850
683 228
801 369
821 894
736 966
916 550
832 425
460 426
943 463
493 686
557 997
482 193
585 688
178 198
397 40
734 467
648 804
10 927
166 947
678 906
1000 941
583 250
705 821
213 107
202 83
511 47
629 328
648 329
499 559
764 545
526 366
344 768
642 379
573 145
121 210
479 397
215 374
982 862
954 411
572 990
934 733
349 467
867 650
262 426
848 148
690 433
400 520
672 841
785 387
842 372
477 399
462 29
447 715
799 102
358 402
824 882
16 863
755 858
298 633
903 196
920 446
67 316
858 593
127 544
455 404
651 4
767 528
405 275
48 430
102 753
512 509
439 650
25 626
66 286
160 967
750 616
450 16
825 68
635 877
360 797
720 45
389 804
137 219
247 16
14 179
784 621
569 184
308 404
365 165
256 743
477 619
350 779
43 673
211 789
35 677
198 463
610 903
629 912
47 158
285 533
326 419
170 663
183 558
39 522
136 379
49 526
178 234
456 536
705 219
689 766
961 881
528 700
411 336
451 799
752 90
168 59
944 908
198 947
800 416
329 72
572 156
560 764
614 515
409 160
983 730
282 83
343 635
486 670
408 488
631 528
282 449
690 450
283 568
857 595
568 922
272 311
607 539
386 291
697 889
617 543
444 621
931 69
220 4
438 119
846 368
893 209
741 614
120 645
564 929
430 539
604 418
822 489
944 183
590 885
723 340
979 830
569 574
769 12
129 237
771 586
155 877
651 32
252 244
530 819
894 318
660 210
73 536
972 668
42 935
245 826
730 666
595 603
612 346
43 193
526 686
229 790
933 744
807 131
204 468
707 503
379 70
324 589
75 39
748 552
964 637
158 460
720 9
846 633
530 262
437 524
204 777
541 134
464 614
259 437
710 382
812 863
88 897
273 17
202 137
809 999
496 422
619 968
491 93
869 892
947 158
759 660
398 554
820 803
349 200
634 118
687 224
780 262
841 304
804 396
311 140
921 360
351 671
652 200
620 212
582 330
128 596
780 100
784 111
182 266
845 586
370 554
851 201
896 472
348 213
620 813
921 59
98 908
657 317
854 13
182 84
922 407
906 816
125 22
436 679
115 480
923 995
747 551
821 308
63 274
494 68
831 335
742 798
923 912
949 144
510 722
369 302
901 285
498 138
389 457
997 164
393 14
768 206
164 975
248 44
399 96
536 90
864 615
206 538
178 671
734 952
20 474
901 63
887 202
617 482
489 198
97 648
754 189
60 628
385 860
904 252
176 163
787 85
467 628
472 222
455 67
226 981
374 197
854 211
92 782
243 990
924 389
178 803
18 824
493 602
443 717
514 913
142 489
970 214
164 353
705 131
874 522
286 660
586 390
550 309
457 74
97 179
463 36
302 98
676 363
715 711
183 933
719 279
406 140
944 547
338 206
157 778
804 55
331 847
228 737
233 333
185 562
802 931
968 391
904 102
932 290
837 371
607 736
262 233
177 263
875 680
590 941
58 2
849 458
284 960
490 466
920 200
704 687
300 346
239 169
929 270
642 621
954 939
259 787
523 178
742 826
405 775
950 343
233 61
408 21
684 135
152 272
9 137
413 439
588 491
717 201
938 246
460 118
772 437
143 754
677 683
588 378
403 494
705 690
617 478
302 736
857 367
584 529
293 291
921 970
751 351
540 868
230 838
212 725
415 976
678 990
938 955
331 904
942 547
60 365
130 755
916 918
949 195
722 196
884 355
166 364
134 974
652 517
456 588
311 470
739 267
353 196
278 753
430 64
178 41
605 462
291 794
993 404
614 612
620 141
487 390
183 905
472 353
280 600
905 863
746 823
145 139
491 976
76 962
94 850
629 26
639 338
975 2
478 750
615 27
233 297
306 423
549 505
382 394
202 532
232 623
808 224
589 525
901 913
480 269
561 52
968 50
841 772
497 974
171 269
980 697
710 614
806 865
457 668
397 921
401 657
314 494
320 879
683 647
11 386
461 375
464 462
6 649
659 351
418 539
781 656
251 103
432 699
803 924
271 146
76 74
265 247
976 440
134 622
427 496
362 358
786 185
180 216
159 752
493 879
848 130
808 970
78 827
541 161
122 875
791 697
299 587
563 262
781 451
451 992
692 162
30 969
212 917
576 907
666 350
903 816
338 594
908 970
455 299
58 821
105 451
113 390
633 703
118 945
168 60
222 883
908 808
856 201
969 302
127 50
537 562
221 41
260 763
524 792
871 435
174 97
233 491
3 338
440 843
636 471
874 627
552 480
679 953
119 896
31 94
272 327
537 509
596 166
101 262
943 757
413 906
896 364
556 318
258 665
423 369
820 763
175 972
971 881
855 451
840 104
3 868
389 323
462 651
858 31
980 844
674 499
307 710
641 250
665 748
833 658
891 388
765 419
638 691
593 114
63 709
741 138
238 140
665 526
298 33
706 162
85 295
178 587
671 279
971 266
274 54
984 622
8 406
134 586
462 839
753 86
593 685
221 585
450 797
904 63
388 336
294 878
153 586
579 524
306 88
325 844
307 465
607 186
221 363
403 994
740 537
282 145
235 83
252 851
229 644
641 975
953 973
970 917
678 418
75 635
248 149
799 394
396 399
415 125
55 138
619 695
546 695
637 904
567 879
435 704
275 570
173 76
235 686
371 111
542 586
689 54
286 132
987 265
823 935
590 854
684 495
655 670
826 104
510 497
834 527
779 146
379 406
940 917
807 320
186 378
445 543
786 573
864 905
495 357
426 188
388 653
15 386
170 760
915 144
509 521
741 174
299 471
432 756
255 926
755 510
705 725
778 267
393 239
886 903
578 460
108 259
282 928
172 477
381 898
899 819
418 199
299 180
504 607
262 56
765 892
1 889
942 145
2 466
511 932
752 221
60 220
594 493
946 221
430 442
142 494
643 327
169 460
776 356
675 630
359 449
162 927
35 407
680 960
329 182
239 671
115 613
114 880
61 343
338 316
436 619
605 282
148 589
993 504
22 98
408 434
596 67
103 77
579 688
935 798
330 443
779 754
323 718
803 248
253 785
188 956
836 880
250 741
551 735
453 448
191 592
368 369
292 455
426 495
870 482
372 626
289 829
627 171
744 397
281 401
764 976
176 329
567 311
458 815
55 707
910 599
349 830
42 305
253 305
180 423
146 275
547 725
962 145
691 981
912 998
859 283
623 226
950 630
203 223
510 937
441 959
100 173
503 160
969 868
592 13
556 616
977 965
597 372
890 494
692 88
506 503
434 376
181 733
636 845
158 598
506 102
17 433
481 300
523 863
619 514
726 826
269 27
472 473
861 577
957 110
512 865
87 997
71 288
718 869
240 996
993 314
847 643
294 513
944 994
482 801
374 371
527 989
594 520
644 799
22 159
356 937
729 401
791 201
405 382
226 429
779 641
435 651
803 979
793 797
581 134
396 294
839 722
163 53
968 235
718 289
499 109
375 710
780 188
852 668
752 746
110 529
441 292
149 91
297 840
816 232
259 835
987 369
806 791
291 294
132 738
738 645
461 106
228 843
615 329
824 594
197 560
716 992
552 577
828 425
781 684
43 342
206 774
959 332
944 155
586 672
20 682
369 356
765 829
423 3
704 827
446 224
877 708
733 672
722 435
264 871
86 970
1 368
613 939
501 577
48 541
13 741
927 657
986 255
459 85
332 477
671 776
998 878
782 267
916 597
429 646
526 780
530 179
198 444
97 574
204 886
542 715
208 625
339 745
212 345
484 643
621 3
640 526
679 487
989 245
773 878
667 487
687 1000
464 677
307 500
827 765
313 506
481 441
287 431
257 584
260 597
944 910
274 953
212 744
721 488
926 925
374 718
412 815
435 630
883 544
832 661
117 152
267 401
325 427
687 413
391 48
598 840
144 371
452 758
862 621
900 842
119 816
229 336
121 447
230 235
413 905
286 169
182 78
609 466
846 481
831 631
545 893
654 1000
493 492
978 203
573 744
996 389
930 846
210 270
104 789
160 519
158 118
414 156
457 703
976 857
603 410
971 7
459 114
774 274
63 12
307 630
55 952
914 167
389 100
686 778
432 713
143 21
203 790
263 732
179 289
489 921
518 557
264 97
748 953
894 843
769 1000
183 517
193 62
800 2
322 346
145 179
735 210
424 502
298 467
905 329
602 261
308 648
130 696
512 348
278 352
870 718
636 996
16 319
142 275
808 299
586 581
547 130
518 926
79 892
985 903
581 427
732 521
623 956
775 639
575 825
529 145
287 161
235 368
455 879
409 51
139 374
988 193
721 570
719 83
25 67
706 858
467 248
505 523
68 791
426 633
779 915
462 91
229 372
366 951
546 265
361 213
470 977
57 300
43 257
707 806
229 86
391 843
732 403
806 686
54 131
884 342
498 57
906 16
637 42
800 395
603 486
217 679
489 714
290 301
777 773
779 973
941 522
600 948
539 783
132 367
650 236
195 265
397 637
57 232
422 16
192 513
800 832
618 587
251 46
821 246
882 964
169 887
422 99
207 715
152 579
9 990
321 92
375 385
450 888
808 602
290 977
535 537
437 622
114 685
646 402
300 994
946 504
85 28
838 682
407 862
645 218
723 662
481 263
961 29
579 602
653 767
593 235
106 764
198 164
861 636
112 37
165 37
293 240
919 156
922 736
687 928
377 71
123 679
680 818
605 361
61 229
335 506
680 64
876 317
258 490
918 446
121 164
179 516
477 669
594 925
611 521
23 911
541 974
893 655
956 599
793 945
375 65
301 250
943 575
859 688
55 130
900 770
940 983
172 105
780 872
803 473
797 747
154 543
237 96
271 708
809 615
148 113
263 352
512 276
569 741
733 554
169 663
663 771
613 212
690 863
399 209
863 540
628 266
725 699
39 479
226 546
959 158
617 307
393 185
838 869
877 769
590 414
920 646
995 330
318 830
192 621
299 323
514 980
998 835
303 267
640 261
343 674
118 286
134 531
84 410
356 391
857 158
622 926
91 594
40 960
459 918
696 139
933 226
772 32
204 930
868 393
800 185
85 162
187 625
294 695
118 939
9 549
781 191
909 91
128 752
1 614
33 639
130 386
701 985
624 202
809 360
849 683
900 561
776 639
596 96
900 789
534 170
315 96
758 948
524 84
157 669
911 806
662 206
456 808
283 895
413 932
505 963
923 305
291 344
614 166
720 597
811 942
546 305
430 732
348 445
997 814
138 47
33 467
8 527
850 746
447 136
307 541
57 70
450 111
850 580
518 484
295 285
722 579
156 189
85 257
322 85
506 310
458 437
789 607
408 127
928 189
737 368
513 201
824 126
476 817
72 391
556 589
619 707
194 266
806 13
403 746
64 172
298 508
544 508
981 25
451 994
269 173
962 418
791 808
169 105
838 269
87 795
937 108
576 828
911 708
867 380
117 69
709 641
896 802
491 144
787 671
41 833
499 701
761 82
173 324
638 392
133 804
619 730
116 844
349 387
25 501
244 239
742 346
746 809
748 335
36 211
992 249
678 242
154 770
713 49
90 784
737 171
799 71
608 952
92 201
367 449
774 387
831 630
694 170
682 738
223 646
684 404
243 252
135 460
447 462
414 157
59 734
741 470
543 352
345 445
733 530
536 466
475 782
204 320
30 476
878 925
241 205
721 187
995 420
647 343
502 660
90 26
377 783
290 401
427 321
601 910
449 393
982 29
18 570
819 458
882 929
26 693
498 982
118 471
321 119
839 269
218 489
492 248
895 522
476 644
57 542
437 505
796 119
523 777
999 600
1000 714
140 499
755 387
462 579
494 138
623 616
159 730
153 584
814 407
411 128
196 938
895 872
166 554
465 959
118 915
992 968
386 113
259 229
724 503
357 714
230 328
620 64
533 727
680 117
481 166
988 339
491 781
520 941
334 325
651 389
784 98
715 570
257 230
168 455
995 631
68 160
766 475
35 57
205 616
810 941
615 178
585 491
289 678
55 475
116 219
153 343
872 601
599 670
656 330
732 509
327 955
110 441
937 899
24 36
777 554
980 755
163 955
493 352
9 257
603 215
928 569
233 803
937 701
42 347
651 815
708 788
8 342
726 336
32 332
623 200
317 688
203 821
332 407
942 808
651 525
502 867
213 500
51 457
950 541
489 884
892 210
181 854
944 730
460 307
504 643
284 65
322 268
773 899
481 661
722 813
282 942
264 237
374 216
781 440
998 902
969 936
200 991
809 951
97 613
973 764
691 439
245 691
623 652
992 758
835 463
247 616
857 972
396 248
288 465
239 808
224 479
260 927
580 788
889 826
567 574
658 886
752 101
291 867
93 179
75 904
739 132
403 881
614 639
562 410
727 948
549 224
399 969
675 529
98 730
600 136
763 724
496 897
25 429
167 579
814 990
68 132
923 682
660 448
951 67
279 710
928 106
513 162
897 3
812 898
498 376
104 735
637 491
12 594
451 50
163 966
573 815
116 942
851 437
907 455
285 423
604 139
219 431
976 802
349 800
977 127
997 116
781 903
380 90
308 239
111 218
828 818
798 910
727 60
87 349
163 693
682 879
221 892
833 378
616 118
929 847
485 70
843 769
56 461
792 449
118 287
728 511
213 121
913 339
472 189
381 819
661 737
151 823
616 276
100 326
597 84
818 675
909 376
476 483
278 297
300 689
982 513
731 771
917 974
516 29
574 463
355 550
335 473
945 445
159 463
421 351
19 748
353 74
282 70
925 784
451 581
767 75
970 939
406 493
148 611
38 532
310 809
7 812
286 401
785 502
828 332
831 895
723 94
651 461
121 304
763 865
43 174
396 288
76 844
439 194
723 463
103 337
909 542
324 2
56 736
453 418
257 95
846 395
205 257
133 548
484 328
751 266
861 342
378 825
7 156
928 643
655 720
395 326
949 819
200 238
677 9
461 249
615 472
91 186
177 514
661 208
76 272
901 705
557 351
25 630
85 558
251 794
603 33
821 410
570 154
589 78
528 649
5 173
493 74
193 356
378 506
700 760
56 122
130 769
376 346
310 691
958 127
742 662
694 597
189 147
282 631
190 199
527 127
701 312
630 454
248 704
405 284
70 777
734 288
888 912
170 691
407 34
389 13
981 137
819 34
655 328
307 502
680 892
737 637
904 868
490 295
472 294
880 99
628 961
685 124
666 290
482 963
410 100
430 99
35 337
328 421
700 69
405 303
33 848
896 722
283 572
658 608
163 66
510 111
746 728
272 132
581 120
158 715
827 96
111 745
785 764
266 965
43 406
788 933
525 754
460 179
767 931
972 521
828 549
837 689
894 290
570 92
826 194
663 981
479 952
372 520
615 508
854 668
391 758
674 14
278 22
271 940
420 334
604 994
290 374
995 423
389 98
742 592
543 641
986 46
513 854
471 682
511 585
647 743
317 256
688 412
137 106
428 671
825 213
293 279
423 916
372 972
545 214
711 321
731 655
364 940
8 104
670 574
303 179
568 32
621 337
274 471
888 829
136 396
639 560
549 792
236 5
771 274
776 875
960 329
745 997
807 841
709 578
196 939
14 348
64 45
72 744
179 780
752 122
245 19
338 343
780 258
304 459
66 742
359 47
917 631
511 368
940 568
391 76
634 485
600 173
672 522
603 798
875 21
72 966
417 526
210 63
582 303
284 841
183 302
12 472
286 139
90 520
716 836
662 358
295 331
6 250
297 902
814 669
428 168
140 628
788 312
111 995
43 259
461 48
483 584
689 277
822 235
328 891
536 384
20 17
591 474
427 113
731 47
43 33
928 425
267 601
94 652
811 36
946 773
512 199
242 274
872 165
726 192
329 750
187 792
26 662
635 134
946 615
964 748
260 235
712 362
472 81
454 161
146 238
863 15
900 27
828 973
961 19
515 556
875 437
937 26
870 744
942 741
433 491
221 332
224 464
66 986
710 144
912 359
658 887
397 225
791 49
619 214
675 712
218 945
537 751
507 564
631 551
335 26
136 996
178 355
35 246
988 304
24 581
499 485
900 893
561 435
528 68
362 998
436 609
932 302
405 989
917 478
132 890
277 127
595 236
484 341
818 437
629 332
859 59
54 67
534 345
167 672
768 810
392 598
140 536
513 210
733 542
626 637
590 32
383 866
516 146
814 552
313 83
501 840
337 991
102 601
379 292
716 733
612 286
208 76
911 258
851 719
411 554
424 628
497 98
316 674
172 574
484 888
30 676
214 65
967 893
824 245
950 629
585 945
317 328
834 978
160 13
969 873
696 943
380 424
852 562
778 701
80 124
468 827
91 596
403 720
99 97
118 143
299 611
459 793
669 678
619 519
723 799
571 859
311 445
576 978
403 942
256 274
979 137
340 83
184 575
350 364
444 241
563 125
302 19
474 892
788 174
431 660
738 237
847 317
996 985
710 15
87 374
951 275
215 829
974 944
421 528
426 906
54 719
154 189
280 595
419 94
809 511
975 824
602 845
227 814
11 877
932 499
957 523
684 652
44 243
444 565
193 730
760 280
809 584
694 349
158 596
914 949
383 544
777 647
366 348
931 138
372 390
907 405
432 883
290 113
298 644
501 955
906 71
290 480
439 641
833 650
318 466
873 153
466 737
553 795
111 249
426 115
869 429
119 258
526 582
390 379
553 932
695 609
151 68
96 794
191 262
420 740
241 1
5 78
227 242
614 924
672 226
38 14
646 457
960 576
543 944
805 376
322 484
186 244
821 974
53 628
238 560
424 428
51 79
734 432
187 685
444 38
374 291
1 727
398 595
112 254
923 176
463 107
175 295
13 392
164 52
475 187
387 367
210 822
391 271
589 890
664 687
336 992
689 812
516 323
304 270
268 169
70 357
535 229
420 931
560 991
941 206
413 533
382 426
258 738
760 246
98 997
444 729
48 146
909 513
324 103
149 638
456 183
883 240
663 758
172 51
457 578
855 366
840 29
234 372
38 652
20 911
186 499
578 945
627 63
290 405
93 576
557 933
684 37
707 958
15 261
396 777
327 759
989 646
683 359
150 888
730 790
473 359
128 326
350 575
155 575
545 395
284 345
289 777
986 47
824 318
677 623
860 699
220 794
773 28
801 323
17 348
109 238
661 695
593 673
703 300
303 178
160 420
696 214
184 298
22 542
578 134
852 985
815 215
863 144
566 879
715 99
125 538
511 908
494 698
411 130
490 649
623 731
627 796
30 846
678 343
311 282
663 225
274 783
346 253
525 192
620 66
329 259
734 206
148 693
349 116
576 56
245 387
905 778
619 122
858 990
516 404
594 423
364 201
219 921
534 80
348 35
167 601
442 168
25 64
300 190
11 949
968 400
568 810
378 955
884 12
59 759
880 125
600 635
197 979
766 531
807 587
737 294
441 353
194 635
822 121
510 501
908 864
817 351
285 449
443 849
57 418
208 210
872 377
889 701
911 290
591 586
845 491
596 983
321 311
85 342
748 762
747 969
266 647
276 892
575 333
618 950
801 254
51 459
532 378
660 823
476 836
312 925
99 503
339 580
564 139
412 392
674 983
317 974
403 695
961 97
355 174
636 805
319 587
53 571
939 566
108 982
90 82
455 264
701 208
852 876
959 648
88 17
896 974
217 476
182 606
439 421
466 261
286 552
552 158
826 153
841 160
942 50
754 943
296 828
10 569
227 821
144 303
127 724
989 153
619 388
272 387
400 615
148 141
665 29
280 61
871 955
519 31
622 502
508 18
844 251
773 400
723 563
974 307
856 890
85 520
548 588
164 921
225 865
579 110
925 102
873 845
985 651
17 617
940 421
544 646
670 202
238 840
521 186
943 619
782 307
338 841
599 454
70 656
678 979
94 282
859 414
960 660
709 999
212 321
873 649
14 507
142 172
187 517
631 966
204 192
51 114
804 668
936 300
269 579
353 366
830 968
834 407
302 161
848 743
814 316
286 757
288 622
787 644
148 766
974 518
187 336
795 401
300 977
912 211
382 173
454 334
917 686
700 18
328 247
391 187
620 793
527 767
641 676
549 275
75 150
292 780
828 334
304 26
474 526
738 447
871 249
799 108
837 441
326 694
538 966
301 876
30 186
430 624
414 21
287 809
36 495
516 785
21 413
854 519
56 960
111 26
846 171
736 952
834 627
872 290
335 674
711 795
949 162
91 70
456 160
539 938
976 768
673 800
566 213
589 76
262 778
191 176
513 840
476 600
838 836
199 250
644 389
672 100
117 925
680 714
579 872
646 462
481 610
47 823
330 857
807 729
922 517
207 573
388 377
463 935
875 691
835 528
506 134
14 703
864 952
517 452
296 216
350 47
479 329
930 855
112 96
610 227
131 38
889 296
804 263
53 789
737 613
663 220
351 528
559 31
173 304
528 705
415 503
149 711
645 578
500 237
357 548
837 234
987 661
652 177
374 637
432 468
275 894
130 135
832 789
337 457
173 99
624 471
988 104
201 362
850 815
296 562
865 486
158 856
345 887
155 153
20 793
438 504
722 79
940 922
978 229
82 430
506 802
603 752
370 373
797 720
360 419
840 109
824 494
149 349
851 623
11 340
216 738
898 708
518 165
498 96
33 153
100 444
420 35
881 673
110 109
702 337
80 64
345 348
77 813
962 213
730 41
363 576
290 598
702 179
155 348
85 147
123 448
184 188
537 559
481 654
152 922
45 805
709 814
415 919
493 735
614 997
248 734
467 444
626 153
17 125
473 671
221 757
442 642
60 309
499 975
944 615
140 381
359 331
415 693
586 983
38 356
586 364
714 185
477 13
944 942
377 137
13 427
895 75
808 77
637 896
91 888
162 598
400 975
666 38
387 731
728 642
362 896
804 255
276 304
685 44
239 613
172 385
210 976
659 881
215 153
848 50
737 293
77 316
258 630
133 634
10 247
928 862
488 837
641 63
988 914
690 548
522 253
543 519
671 284
117 958
951 493
713 622
424 779
584 716
447 205
552 827
350 536
389 68
730 922
952 400
290 523
365 69
674 911
160 227
416 93
72 891
754 183
304 990
428 780
985 505
880 530
56 419
772 441
99 71
541 356
669 815
283 156
331 112
770 646
471 799
517 395
41 450
630 268
244 767
479 368
866 605
835 744
838 313
251 497
895 952
142 320
736 799
900 404
593 942
7 399
669 625
782 912
362 401
591 43
18 837
728 508
26 328
559 102
139 603
828 69
442 504
994 189
852 67
410 90
141 282
788 811
283 168
311 238
171 859
925 281
390 763
796 538
802 731
418 720
22 470
595 400
558 4
281 88
652 121
405 415
896 523
590 661
597 204
645 956
690 709
634 729
473 202
654 650
850 81
927 215
391 6
987 360
570 304
557 86
685 929
319 359
879 267
603 643
632 216
209 121
745 95
599 812
158 178
472 725
876 931
314 468
543 293
6 750
128 400
863 536
294 269
190 242
66 420
195 344
705 539
337 767
484 890
270 213
109 403
493 648
894 820
919 617
939 375
652 868
734 696
312 809
151 816
632 882
247 811
588 933
888 879
866 195
643 281
203 286
443 751
687 64
687 927
969 683
148 776
97 864
188 25
908 770
253 637
165 807
715 986
344 950
311 242
277 334
118 760
121 324
784 173
733 70
520 759
49 661
542 628
979 954
162 352
51 857
185 961
276 488
633 451
784 331
551 591
309 352
718 196
223 686
388 625
957 864
648 330
335 572
232 371
395 379
407 420
59 694
264 745
301 525
508 55
650 78
313 176
9 175
413 405
859 205
716 338
644 503
191 93
609 998
169 913
886 550
108 674
878 458
256 591
419 909
920 742
946 602
161 26
15 231
91 517
97 704
49 805
302 625
829 277
240 225
754 334
627 996
83 514
528 917
212 358
51 32
911 846
255 256
792 766
190 693
601 114
527 798
929 571
89 73
499 611
192 9
395 620
353 250
598 496
430 102
412 949
785 181
415 502
474 862
838 833
741 828
989 62
349 415
956 169
525 444
875 955
982 893
839 540
934 752
277 211
262 393
762 475
231 812
586 781
895 261
988 105
951 23
847 166
334 15
393 607
391 956
638 249
845 897
794 234
517 857
121 563
586 156
238 346
224 804
371 951
37 934
721 925
115 442
10 567
388 750
142 527
856 748
739 753
251 827
823 541
60 771
250 620
997 428
217 921
39 368
703 217
942 899
63 382
564 177
824 30
143 310
990 655
792 572
613 684
47 202
527 92
837 8
272 491
383 599
674 659
255 292
147 529
1000 605
451 851
253 707
378 162
210 758
676 495
514 478
416 621
37 339
848 672
836 875
45 712
785 145
382 155
101 753
136 971
619 124
395 886
452 877
658 560
954 491
594 946
496 921
741 929
391 130
841 27
474 596
884 927
427 694
227 411
747 353
654 687
918 864
477 496
690 759
943 663
693 544
941 400
138 385
548 372
438 372
663 901
154 695
85 168
215 2
822 238
988 770
592 731
440 280
648 733
360 605
686 585
12 648
640 97
548 554
197 928
152 315
247 258
488 499
52 284
976 88
868 94
69 959
143 116
826 438
664 261
961 325
144 665
650 354
972 67
540 799
613 895
709 880
751 737
645 180
673 299
674 580
888 860
833 45
544 56
415 539
382 586
239 967
330 993
938 736
776 155
840 814
643 333
476 394
314 605
353 177
67 895
123 555
287 354
579 748
993 385
169 327
500 183
763 635
286 558
932 228
575 566
607 442
57 393
168 137
724 134
418 721
456 388
537 669
573 359
173 25
547 276
875 899
90 713
533 969
491 634
828 283
957 633
889 803
893 891
768 758
738 520
277 124
266 239
321 698
381 56
733 771
390 68
287 389
712 2
803 429
608 211
390 215
102 717
510 614
370 13
544 954
462 709
565 796
441 974
48 664
394 508
488 495
270 299
915 178
609 985
863 85
147 159
47 575
263 658
837 825
327 479
826 586
591 846
557 682
982 89
159 978
4 913
381 289
49 824
265 331
469 235
489 615
644 193
525 228
424 292
960 662
373 847
237 769
105 789
880 413
682 926
834 792
446 612
285 698
921 670
338 504
486 640
892 643
622 620
736 683
679 735
139 582
567 900
859 247
365 654
954 77
244 865
178 435
70 237
917 684
97 65
558 182
391 181
196 275
974 958
457 841
535 194
22 499
371 271
262 418
874 154
158 723
654 756
609 95
405 90
432 8
414 392
626 698
224 137
20 775
434 758
367 424
44 125
634 621
674 260
819 981
414 27
37 816
702 718
522 554
899 256
140 575
54 221
180 41
17 809
13 513
608 366
811 835
434 470
817 502
217 738
453 994
295 598
898 657
707 3
601 516
323 266
52 212
237 176
493 70
593 408
44 689
669 67
726 156
544 284
497 412
67 527
544 275
800 909
103 463
92 109
470 329
109 7
972 139
631 134
319 572
748 994
697 356
520 491
324 776
334 775
481 721
411 10
596 699
74 320
39 514
282 527
108 103
218 675
32 931
417 939
911 623
2 263
666 302
396 77
139 610
503 887
715 311
678 441
719 295
46 367
961 619
893 592
829 464
306 352
897 643
274 962
935 523
79 53
120 954
874 367
124 898
7 745
93 921
520 517
569 868
76 876
612 782
118 178
648 292
379 677
470 604
509 58
10 209
780 813
655 643
432 131
907 885
58 197
189 813
81 236
262 59
194 901
107 912
699 820
24 124
885 673
962 414
885 415
323 951
204 381
42 352
371 724
962 305
377 791
599 68
176 486
983 981
296 270
21 514
459 874
191 214
485 501
623 179
209 499
88 764
482 460
65 220
742 694
985 483
142 72
843 973
381 774
365 129
995 22
84 479
146 134
899 988
972 318
563 183
616 336
943 399
984 212
69 542
35 642
40 812
113 458
577 91
61 106
389 691
513 772
369 561
723 990
265 974
18 750
387 319
460 863
20 108
576 202
800 452
418 603
643 14
257 991
645 676
117 213
410 247
598 652
33 880
578 978
417 657
666 36
376 64
70 324
67 734
219 779
791 493
899 195
984 989
876 667
680 438
975 737
872 606
615 318
86 584
125 46
343 91
751 334
795 18
58 217
927 956
246 770
465 169
284 619
418 225
377 857
310 819
519 69
431 613
492 533
533 473
218 960
129 995
95 584
699 949
284 265
447 207
824 366
646 92
636 467
450 80
949 442
256 409
648 907
959 241
431 296
229 703
436 146
94 402
242 353
854 120
69 720
655 121
533 283
844 390
682 57
829 310
756 842
740 375
653 616
330 927
402 256
169 27
575 647
320 153
502 177
657 254
490 601
499 941
616 475
190 626
853 402
156 678
40 151
994 200
387 394
939 713
745 854
482 788
853 259
545 562
303 806
362 302
148 741
97 203
101 643
144 4
678 449
206 454
795 295
814 1
965 123
396 426
680 229
542 655
796 651
49 10
162 594
417 558
698 905
519 535
58 296
367 294
998 76
301 244
675 443
569 924
306 522
918 781
421 811
335 949
672 871
379 621
451 168
159 501
456 242
189 996
810 882
7 183
923 854
229 483
858 501
50 662
569 638
256 57
383 878
3 788
298 684
480 583
816 33
370 746
919 935
78 363
63 253
48 266
216 732
103 748
381 394
536 15
459 320
170 245
298 974
490 800
307 948
609 984
812 731
526 537
564 340
30 680
234 783
359 972
990 554
960 969
445 143
427 396
144 646
587 682
15 141
532 281
203 165
630 588
740 388
578 43
541 213
711 261
623 457
660 581
352 1000
4 33
902 526
515 695
471 829
347 883
574 150
553 588
800 191
341 273
416 712
75 845
921 669
978 918
740 585
840 843
213 983
142 88
917 969
701 98
80 884
227 743
47 336
69 264
663 42
478 436
482 402
541 650
619 182
490 924
420 501
616 868
53 494
395 79
533 635
292 783
791 311
978 474
689 149
785 767
810 991
407 433
210 3
713 232
452 993
867 915
979 813
659 683
497 537
54 35
220 351
348 260
760 956
891 908
780 921
486 446
189 25
544 872
624 769
974 62
461 325
890 841
708 218
858 235
566 168
968 871
147 202
371 616
372 727
411 705
982 152
30 373
622 243
91 889
778 379
82 924
85 267
268 989
380 345
91 918
311 985
350 865
385 867
790 525
389 811
981 961
549 525
215 521
865 872
807 837
169 177
189 174
562 904
164 132
216 244
786 192
848 777
958 322
855 670
909 262
621 252
786 83
109 808
630 330
338 586
433 422
418 169
749 344
343 794
757 893
207 348
772 952
35 455
148 814
331 592
973 993
44 655
689 582
981 502
50 56
487 77
22 178
336 853
747 379
151 282
317 526
799 414
417 756
288 764
130 19
918 120
22 45
763 659
344 515
421 897
301 171
505 624
152 490
789 374
2 840
448 656
949 624
348 377
242 724
205 288
426 543
817 166
786 729
693 635
489 437
783 569
589 442
366 781
58 194
719 779
464 245
538 569
198 954
987 195
881 580
115 444
885 672
68 782
622 429
470 174
555 276
521 388
315 959
941 543
526 695
103 820
464 6
674 237
317 919
34 652
302 689
108 640
290 597
939 288
267 568
119 587
29 312
612 135
498 547
535 573
951 866
114 540
616 337
292 316
169 79
614 875
60 83
696 312
596 337
944 978
562 353
373 352
201 975
45 710
748 395
767 441
823 601
274 916
258 49
26 21
67 931
475 390
240 513
442 197
461 743
706 802
637 526
222 229
519 640
386 284
558 94
172 493
879 678
555 692
629 843
296 529
560 846
34 381
452 156
185 701
388 676
556 977
638 106
16 183
841 708
751 329
437 145
663 903
167 335
445 678
337 101
599 173
163 929
497 799
171 474
963 70
52 367
237 853
203 973
495 365
599 107
746 493
381 668
569 428
806 387
777 159
432 748
198 723
74 965
94 512
350 942
117 929
222 558
156 227
485 633
892 211
471 570
130 962
385 939
462 217
377 765
694 534
53 406
56 422
365 356
494 632
556 531
698 942
104 466
804 533
806 79
19 395
277 883
26 437
778 996
230 957
126 738
416 685
753 852
991 470
903 880
45 520
541 387
818 776
586 316
737 696
632 784
154 384
230 671
470 537
766 573
574 68
44 599
721 763
340 282
684 903
666 406
615 921
945 373
73 50
662 74
874 164
843 441
31 137
628 331
908 349
613 921
666 219
336 714
229 401
988 16
470 901
995 91
272 534
736 43
384 112
638 902
453 746
348 464
77 174
618 466
270 527
960 711
661 198
167 957
573 922
208 178
25 924
523 173
746 446
307 518
293 615
848 482
573 677
744 147
512 9
697 3
751 944
879 239
310 574
831 72
579 227
195 746
858 54
416 13
431 969
346 834
347 551
185 320
579 880
446 441
378 339
269 416
934 466
437 730
645 5
256 405
868 338
321 49
472 131
571 913
844 427
592 148
39 651
351 245
597 94
999 926
50 307
506 209
809 38
493 565
381 335
619 907
144 835
515 852
558 986
821 289
563 64
107 76
434 948
914 490
164 29
955 384
754 749
576 245
758 237
570 99
728 944
235 160
383 376
645 763
153 213
5 860
448 919
656 204
585 250
26 237
823 336
129 332
27 557
598 804
699 479
520 762
150 277
462 107
599 638
72 225
988 55
795 251
344 700
909 617
290 27
612 586
580 232
450 469
505 806
14 712
745 56
285 389
768 97
54 322
632 358
137 406
377 889
967 574
380 116
643 924
626 892
932 771
617 135
764 210
802 499
270 261
495 272
294 191
995 286
688 502
946 710
138 923
51 406
413 259
640 329
643 698
881 411
561 360
477 109
299 676
327 82
373 688
389 955
230 795
835 391
284 135
105 870
537 633
752 487
553 730
630 472
27 175
544 499
307 79
914 157
734 298
57 628
131 923
62 487
568 360
307 508
170 588
944 823
943 203
636 591
626 182
947 140
97 129
306 368
861 863
894 625
224 268
478 401
249 956
232 775
799 409
106 864
850 558
560 581
905 866
134 297
84 863
412 854
822 709
625 661
993 169
810 801
893 688
451 325
20 694
866 520
816 317
305 312
879 754
201 511
590 835
917 17
776 975
910 842
196 166
841 815
845 659
96 370
298 722
764 929
345 533
459 178
317 347
668 703
671 292
68 783
382 46
327 754
589 155
431 560
267 563
804 496
659 277
91 215
929 587
811 62
246 625
33 210
527 443
730 53
839 373
971 261
994 766
721 350
282 546
212 679
5 424
821 779
255 707
644 244
902 580
643 436
832 491
943 393
925 622
951 914
893 861
514 312
65 365
305 702
161 946
3 51
791 954
136 656
709 733
198 82
278 90
411 423
988 443
183 859
187 412
408 607
562 64
698 774
233 462
960 678
550 302
103 321
613 724
611 533
775 644
926 624
118 598
879 736
761 624
405 144
689 45
250 825
880 720
202 932
439 835
759 828
409 710
249 562
287 749
56 525
826 113
115 490
55 473
850 907
501 973
307 700
396 859
204 268
186 259
295 167
704 716
265 754
764 820
12 651
132 448
100 92
265 225
708 787
886 754
29 249
554 328
773 234
186 980
904 279
812 640
46 742
863 70
623 326
950 530
504 650
726 53
998 814
289 121
408 92
316 873
856 334
359 645
752 303
520 29
592 312
423 660
942 636
110 357
804 613
742 703
359 363
329 300
339 903
467 186
106 540
187 331
9 469
687 142
157 879
641 546
839 963
390 894
824 114
311 234
867 522
852 446
447 15
782 545
364 212
14 975
720 948
183 44
98 580
215 511
698 919
2 926
385 14
352 199
101 500
693 656
486 182
548 181
586 832
163 145
184 567
618 49
49 234
519 785
362 883
861 331
353 604
929 427
103 520
381 166
629 576
298 682
29 192
727 215
855 386
531 568
180 650
66 305
336 120
997 125
356 75
