915 2882
375 356
71 810
240 169
132 879
116 158
27 816
232 830
302 449
176 416
105 478
51 195
914 520
346 525
368 696
31 881
6 292
743 526
174 441
508 183
347 115
611 575
62 592
609 713
726 683
693 881
252 204
780 309
214 474
41 686
624 382
70 575
244 798
655 437
697 768
392 304
836 545
410 813
431 753
880 400
458 561
882 706
848 105
769 698
451 41
509 867
130 783
845 201
811 396
812 22
334 445
706 679
72 727
430 487
491 610
792 26
520 191
351 108
279 206
258 316
758 313
84 36
338 716
372 775
614 54
281 450
265 595
714 479
184 605
760 806
407 584
190 65
702 765
295 555
717 906
480 424
685 682
5 124
63 234
823 394
398 755
277 482
150 389
27 775
356 247
747 782
164 770
863 821
420 510
459 198
132 288
794 664
170 773
415 915
410 737
515 139
20 413
187 74
832 336
566 608
913 580
737 152
404 652
532 654
521 804
280 427
744 240
621 1
731 410
363 273
882 409
711 611
147 752
701 169
576 115
577 123
135 473
746 279
820 265
803 371
455 726
275 225
725 821
541 625
470 714
910 912
235 549
180 162
515 842
146 14
165 845
59 909
816 256
852 9
910 116
452 180
293 94
370 493
117 698
460 518
570 799
274 176
168 408
479 546
814 387
791 400
140 71
306 768
827 756
883 6
791 348
562 379
874 242
654 716
826 170
829 857
721 507
390 494
737 848
335 43
525 39
525 754
13 701
50 137
159 308
878 105
682 828
221 80
149 819
494 683
120 520
427 900
376 39
563 893
657 189
127 207
267 115
257 146
611 178
631 224
414 344
586 706
440 488
349 242
444 170
446 130
800 434
892 355
658 487
271 392
384 138
257 444
496 84
722 405
616 357
9 665
602 207
124 159
144 69
492 782
37 390
250 610
3 705
815 188
909 391
1 650
185 195
41 153
243 680
335 283
446 335
197 849
680 686
422 894
114 647
518 603
830 209
724 396
218 44
805 739
495 598
248 732
337 682
11 735
305 555
602 259
177 769
127 364
879 363
886 82
44 413
299 175
391 809
586 365
801 543
198 201
878 543
877 410
336 611
337 318
854 686
489 139
415 151
109 232
381 771
771 48
791 614
901 279
62 166
83 488
780 660
413 477
163 256
254 788
22 8
517 402
702 776
423 281
333 881
802 342
178 818
788 305
275 552
81 211
318 213
727 753
431 286
344 165
888 378
645 52
634 711
84 47
621 437
16 721
19 265
682 75
42 772
211 731
909 155
364 510
383 418
21 529
44 508
723 372
501 653
834 305
598 222
598 643
797 358
855 741
252 465
589 792
240 425
633 463
61 96
543 525
468 102
312 352
761 746
176 56
568 135
633 125
782 105
326 755
133 222
828 36
352 469
278 408
7 76
63 435
798 361
512 658
17 98
170 800
246 723
725 210
623 398
644 621
611 256
757 801
834 692
448 145
305 580
146 658
418 367
314 428
631 114
84 503
710 765
25 772
816 701
515 481
220 361
607 783
591 138
334 300
764 622
451 496
106 256
580 715
245 306
180 702
163 21
864 811
683 289
186 836
832 159
372 133
465 365
434 330
459 350
246 570
316 735
173 583
784 374
18 467
849 845
813 298
173 704
409 727
487 495
586 561
862 180
223 175
781 711
908 465
250 196
668 577
629 376
900 288
728 105
122 660
391 122
123 504
52 383
641 379
219 684
802 637
271 330
294 691
522 123
227 390
341 402
713 345
389 524
230 57
910 166
719 137
439 524
192 386
176 775
798 678
674 455
233 909
567 837
314 102
540 873
659 803
108 363
113 187
81 783
722 791
390 612
543 775
782 69
816 829
242 167
219 579
588 771
294 233
646 338
139 130
712 149
89 153
487 370
896 76
553 618
366 186
8 81
651 303
15 379
555 651
317 502
277 470
281 697
429 560
248 344
255 354
133 145
661 849
611 869
650 803
794 652
130 300
78 508
464 829
862 169
437 695
649 640
84 254
99 392
135 190
449 518
360 487
507 191
537 284
738 122
792 457
885 879
47 793
194 319
507 812
1 612
823 553
95 662
850 60
688 697
837 247
32 610
734 332
477 232
540 458
10 589
469 772
537 769
61 466
892 210
752 613
73 436
348 701
663 182
560 898
150 837
346 300
47 806
376 664
669 912
844 617
441 297
880 282
159 686
382 360
439 52
621 777
219 29
825 548
784 212
178 571
838 416
533 420
626 694
460 651
718 350
593 10
756 706
62 701
729 45
893 908
283 769
684 425
689 818
541 817
265 603
486 445
306 783
2 414
735 623
509 446
85 581
819 77
715 428
510 646
702 556
23 528
410 896
394 269
529 619
109 336
715 832
440 526
865 136
764 580
60 417
795 715
435 183
636 876
897 693
457 347
558 531
890 227
485 558
472 835
808 200
310 838
664 321
560 109
601 810
232 142
892 255
821 378
396 795
860 272
115 228
518 832
151 425
442 323
672 368
513 221
751 549
475 187
801 690
387 802
880 445
630 644
722 230
6 201
195 689
822 704
1 354
809 589
366 298
701 733
724 373
191 389
670 887
361 905
655 10
197 275
87 596
198 116
288 640
573 515
540 263
154 454
863 245
284 723
799 65
620 546
179 498
287 893
311 188
426 108
818 335
899 630
766 714
130 677
866 251
810 668
500 429
724 631
16 264
103 602
108 90
334 184
791 340
75 216
78 737
266 410
569 214
111 753
592 209
903 143
279 657
186 821
585 752
78 552
127 44
570 744
44 67
207 521
77 594
786 597
749 438
699 654
263 227
388 175
463 415
287 77
435 259
381 664
371 811
135 137
238 396
412 409
849 417
387 309
669 257
908 286
837 384
894 516
19 58
772 107
442 335
8 878
722 397
99 185
596 202
777 241
541 120
778 855
375 6
830 406
379 412
202 734
408 700
743 422
246 218
819 613
87 611
841 693
728 447
690 714
728 553
324 553
491 299
810 742
559 417
119 244
344 321
770 230
175 424
287 162
381 569
898 69
365 415
494 264
706 176
815 534
301 2
51 509
785 768
109 79
53 706
368 343
534 661
248 119
912 686
16 440
540 363
462 94
266 262
686 792
327 804
721 729
424 487
558 131
744 219
798 824
450 90
431 236
896 694
540 12
553 334
735 391
647 717
906 473
159 440
328 892
169 696
390 307
634 888
29 263
512 442
859 472
662 858
754 731
360 803
898 399
814 129
266 699
641 137
233 127
486 283
604 410
553 87
593 549
25 875
376 476
674 328
711 518
217 838
769 100
716 408
845 380
612 524
261 885
137 754
707 359
193 288
379 419
882 310
310 823
244 66
138 236
339 302
506 546
16 438
637 825
593 848
632 416
651 806
48 774
527 182
16 906
471 867
734 163
444 866
618 558
512 805
325 67
795 544
669 626
253 573
648 713
280 205
392 646
49 730
15 367
161 820
441 369
401 146
883 767
520 472
544 537
45 249
875 694
34 138
163 319
436 71
131 326
900 600
65 875
411 643
467 350
710 494
805 394
128 122
259 599
645 763
605 898
270 512
37 572
186 706
441 521
871 270
33 633
659 751
641 378
392 776
815 264
678 453
129 610
477 6
388 294
543 4
123 780
785 257
257 741
111 6
274 774
629 10
207 818
81 624
567 665
473 112
306 734
313 479
505 681
636 278
514 438
593 752
206 712
13 450
344 114
783 738
394 232
801 367
329 53
663 392
630 272
82 251
482 192
852 455
840 92
199 861
899 740
368 167
322 426
756 909
151 595
759 510
764 400
13 590
656 574
313 45
295 574
582 674
660 443
451 756
686 622
447 820
123 572
695 57
91 224
700 420
477 125
760 391
578 658
281 325
156 316
465 188
236 63
327 325
626 371
775 210
221 120
815 592
781 864
156 792
254 843
912 107
454 584
257 365
446 444
296 453
538 76
646 485
317 38
843 656
45 76
637 871
768 767
713 565
75 99
506 284
759 21
323 624
394 480
740 336
472 53
880 402
237 192
401 789
136 897
212 514
451 897
457 843
114 284
409 547
599 824
47 495
638 774
487 212
654 678
309 591
440 455
566 820
425 675
63 592
541 533
121 108
7 197
498 511
169 9
682 651
529 799
81 686
867 475
654 762
38 810
297 522
523 442
465 515
764 897
550 410
309 402
661 109
535 217
829 390
761 816
9 897
500 611
836 389
367 265
345 25
608 807
257 37
650 564
523 213
303 144
380 691
128 822
56 339
147 326
403 742
658 16
641 456
143 744
612 648
558 521
902 826
851 798
546 231
734 440
565 463
791 328
173 422
396 139
397 275
755 641
742 393
46 368
29 456
250 346
35 426
127 485
643 596
366 909
424 286
383 308
214 577
707 101
569 489
364 104
421 522
207 25
413 213
595 219
113 547
863 215
503 153
750 337
34 582
515 844
368 388
167 524
527 880
259 138
408 133
869 77
248 271
780 280
656 475
201 612
495 581
66 117
10 296
512 885
413 360
786 898
785 650
175 128
149 808
146 863
656 846
72 827
697 585
516 576
298 894
353 822
264 546
409 575
266 400
340 127
15 569
17 798
166 240
296 424
386 99
910 520
752 844
642 710
511 776
461 622
521 510
873 457
11 118
493 488
220 877
39 491
729 743
426 419
869 157
750 766
430 842
196 201
115 836
590 93
9 624
669 119
197 854
454 817
849 306
702 315
376 775
848 276
833 518
615 842
763 136
752 722
199 329
878 683
863 742
632 604
411 140
674 404
89 282
402 124
437 848
305 93
739 496
681 679
372 454
377 138
772 453
408 197
314 406
155 902
283 810
412 468
668 305
789 259
703 554
9 449
121 139
552 75
845 762
573 331
217 552
677 162
451 810
879 890
555 71
675 449
389 779
430 18
289 561
643 80
608 300
890 301
782 726
72 633
327 373
183 739
336 830
577 272
688 834
436 678
381 568
826 423
738 846
245 307
874 325
107 901
801 366
242 539
612 750
591 778
740 496
406 403
517 31
708 153
105 356
530 370
179 791
163 241
168 601
722 493
244 492
857 37
529 576
548 228
300 415
612 542
274 455
263 293
461 488
268 246
513 244
159 865
861 614
391 652
5 11
168 742
46 824
115 749
794 397
670 859
252 85
769 619
697 292
678 326
756 660
297 425
301 796
246 722
838 695
641 391
608 553
431 721
792 202
243 53
480 886
158 629
897 206
257 836
495 395
172 158
412 26
825 828
844 53
627 358
233 214
547 779
325 632
380 501
341 566
539 478
314 426
244 773
23 603
247 280
742 792
712 569
348 602
19 390
223 836
351 366
376 484
139 256
410 213
353 195
308 616
321 271
868 670
852 688
908 69
708 103
749 127
820 601
585 161
125 147
251 74
674 694
375 410
806 559
312 223
405 549
59 634
79 312
47 244
712 907
643 104
516 823
867 115
212 754
816 89
818 254
285 314
587 557
770 560
753 840
455 847
205 67
634 803
93 844
88 25
756 370
189 719
98 571
407 295
603 538
446 770
17 297
642 361
579 751
221 521
497 158
401 730
820 838
858 177
269 147
78 572
427 260
676 72
328 373
754 81
166 825
206 378
83 771
9 100
102 187
714 95
726 90
375 360
56 440
511 183
247 850
503 452
216 190
696 136
334 850
329 880
501 616
104 186
600 153
728 846
724 860
56 556
364 157
238 276
875 13
684 521
684 86
812 616
299 327
891 724
840 834
303 834
711 313
624 446
757 712
578 608
27 337
20 173
792 627
704 32
780 461
176 419
766 674
290 10
553 221
241 131
666 484
480 191
725 12
906 492
485 520
270 619
381 188
537 830
55 874
520 44
60 253
606 471
153 120
778 134
132 7
670 349
448 524
340 522
882 338
884 530
457 23
759 568
189 133
372 155
447 828
828 105
755 80
300 31
727 384
348 394
218 237
787 833
678 495
32 147
186 527
649 365
44 463
463 439
263 314
766 201
742 534
437 195
105 763
351 472
673 51
428 855
547 836
610 70
828 241
97 300
831 132
374 154
265 777
820 480
624 118
418 708
183 218
601 613
63 127
392 409
108 481
860 914
275 103
42 621
317 171
319 765
506 299
179 621
203 249
37 898
22 832
813 406
196 424
170 36
515 833
113 212
520 858
629 713
601 430
440 664
559 583
46 181
871 700
322 805
658 74
714 227
698 338
826 271
130 400
81 873
27 213
856 315
123 268
466 454
226 47
495 82
723 128
66 211
154 582
174 200
855 185
274 866
422 92
357 430
444 905
146 18
40 102
22 202
613 253
320 865
354 631
283 282
586 874
589 569
791 695
258 641
483 361
265 62
691 323
877 148
697 35
455 322
244 345
390 712
690 450
157 318
869 642
238 876
132 185
119 460
395 51
490 290
914 320
555 849
789 794
42 804
757 224
861 663
591 531
428 200
599 36
729 496
315 457
518 500
94 564
385 283
689 671
741 879
736 734
606 825
866 81
210 86
816 517
854 77
676 580
418 308
160 96
10 793
269 330
235 243
626 673
198 488
652 740
3 249
385 598
460 46
759 241
355 279
853 124
474 730
609 326
23 859
172 375
191 714
692 813
872 409
476 464
220 797
866 661
807 886
645 87
776 868
548 200
73 867
704 127
205 912
175 559
742 2
453 625
412 333
305 397
803 410
816 676
700 105
855 797
785 126
141 421
413 96
888 460
743 427
47 869
639 735
786 151
696 414
167 570
372 212
599 535
728 548
12 293
824 803
219 286
278 812
477 761
389 104
839 634
42 396
479 209
686 27
232 349
601 460
587 853
841 18
73 563
330 643
299 49
843 44
469 60
490 262
363 28
591 582
277 95
578 675
749 21
327 809
518 516
407 360
543 37
887 631
824 206
805 404
630 171
462 130
227 324
249 252
693 505
839 512
355 406
491 88
242 536
261 658
830 904
906 729
301 145
709 20
604 494
125 888
446 768
859 728
90 64
382 713
609 497
336 192
465 25
838 891
86 417
344 629
473 489
888 370
8 869
766 375
254 43
328 894
758 693
313 884
409 373
746 899
266 444
820 48
400 741
19 275
662 756
244 500
637 363
247 692
76 541
863 3
96 163
832 509
316 198
280 415
619 551
267 337
571 271
755 602
77 133
23 457
559 294
840 508
197 342
748 753
380 391
238 345
383 650
721 325
672 344
691 80
472 165
487 871
400 23
734 22
679 324
244 389
149 490
23 175
905 722
29 537
123 348
24 850
219 704
149 757
166 701
26 96
7 70
121 166
599 215
585 668
217 845
272 832
878 591
384 426
554 730
97 413
388 575
577 619
482 379
814 104
597 600
855 499
451 386
324 156
331 66
8 447
292 782
279 596
588 116
839 490
752 558
475 137
185 86
349 37
228 28
376 381
293 80
490 397
254 823
94 182
22 563
884 138
110 840
902 695
219 630
474 164
661 505
493 136
650 465
686 62
651 575
800 851
393 259
451 820
485 246
75 481
516 537
593 557
443 255
546 580
646 611
590 773
460 428
668 201
616 767
908 306
838 665
696 845
454 717
550 891
455 363
149 775
833 63
109 344
356 167
31 680
748 379
415 521
113 523
34 596
541 44
730 462
361 498
785 77
897 289
223 619
593 808
116 108
119 863
763 743
431 437
108 358
453 435
744 544
801 595
791 64
206 416
26 202
542 915
106 808
391 584
345 695
162 455
806 114
420 777
511 263
31 496
106 722
701 263
753 310
294 536
370 181
26 838
728 137
486 210
342 311
402 760
521 9
389 857
517 79
462 612
184 682
766 368
9 187
639 612
855 555
220 328
97 901
499 793
100 536
178 254
435 213
436 205
101 687
77 856
460 251
461 195
582 693
604 296
164 140
294 429
775 875
856 703
48 11
370 873
308 867
792 134
613 391
794 355
795 403
654 474
180 435
698 135
881 173
403 587
775 468
249 203
525 546
361 175
364 265
843 233
58 348
848 577
143 29
279 512
799 642
765 46
472 683
808 239
834 745
669 915
319 420
303 704
199 36
825 397
76 356
525 714
914 684
452 797
571 116
754 428
147 742
847 436
192 370
319 154
656 662
1 284
886 607
874 133
179 497
507 283
609 80
250 434
115 676
86 89
267 78
840 156
854 342
752 644
639 174
877 847
197 914
381 512
366 428
846 1
26 811
389 155
504 75
458 109
109 118
807 430
729 403
314 257
902 390
725 125
138 620
72 158
622 513
625 291
128 453
790 808
749 418
780 490
316 492
176 51
89 241
792 801
170 211
8 223
446 124
555 204
575 1
354 48
335 214
671 872
123 757
572 438
428 143
759 469
190 517
486 703
52 388
126 88
661 238
862 620
633 356
669 307
411 559
451 660
533 702
733 652
684 267
498 306
712 527
909 203
808 856
864 346
486 342
597 450
27 714
694 71
837 120
309 491
898 239
183 27
85 469
83 360
65 309
655 600
787 135
623 830
78 347
445 620
301 829
895 563
233 722
469 716
865 777
3 248
8 867
562 782
415 781
651 670
233 469
860 520
720 566
634 327
724 626
685 180
86 501
624 369
625 325
143 630
684 731
673 151
856 47
915 780
459 31
259 848
149 17
297 774
102 612
468 887
858 206
567 63
328 545
476 650
194 610
459 860
822 550
682 726
629 915
902 467
446 363
796 319
318 666
562 35
564 726
32 857
452 562
520 115
386 269
540 820
389 437
64 671
283 328
362 451
767 895
112 230
611 780
830 213
500 770
154 138
102 543
621 80
511 259
165 757
496 532
405 241
208 595
906 822
561 526
585 333
271 87
661 32
628 760
741 370
259 219
446 491
86 681
571 318
316 851
190 347
301 610
225 220
269 483
859 706
736 119
789 243
401 725
817 669
784 515
687 166
623 636
537 640
186 395
564 676
140 899
141 865
436 855
881 139
295 172
795 50
816 328
401 680
356 816
565 233
787 163
109 552
75 85
572 781
518 794
671 540
526 252
289 697
99 287
608 89
130 94
181 631
694 553
7 542
139 833
578 912
634 54
579 172
245 885
696 574
838 348
487 792
776 611
593 181
729 259
388 468
756 835
134 380
653 623
156 905
468 320
659 303
915 332
330 289
97 42
6 684
279 807
46 534
765 134
766 161
478 482
567 432
313 344
886 208
751 583
217 513
750 661
892 154
823 236
454 76
612 670
99 504
547 781
785 896
725 586
871 764
288 264
680 111
900 604
462 478
9 674
315 172
813 176
106 194
417 88
679 239
365 536
441 415
187 728
314 448
744 460
378 869
344 813
328 402
852 912
9 858
817 101
47 246
853 815
161 460
732 80
456 865
12 345
843 386
42 908
666 393
459 867
741 217
501 223
512 831
782 547
659 759
781 14
333 599
688 470
376 529
89 147
842 345
608 332
457 829
421 858
387 582
122 845
303 240
473 157
572 508
226 432
121 198
121 633
546 20
570 318
613 508
188 876
891 317
675 322
235 23
395 165
335 289
742 163
100 762
708 87
433 854
713 100
259 795
391 255
22 483
541 519
429 877
727 74
729 287
513 824
609 420
455 537
350 619
690 82
201 556
157 114
440 19
21 570
888 882
488 725
432 834
1 837
571 298
202 206
899 371
44 797
91 324
686 514
678 264
75 414
790 438
829 830
349 820
539 706
872 63
368 558
352 285
888 778
82 471
104 120
674 617
162 530
551 603
718 248
630 50
686 381
156 795
108 695
434 670
293 323
499 905
170 619
100 262
393 309
251 658
834 66
162 843
718 794
185 589
4 588
345 76
170 417
426 250
28 7
227 309
233 780
198 782
880 656
425 117
580 337
266 153
730 610
603 71
382 357
471 73
367 808
424 443
258 449
606 59
451 473
236 64
716 429
593 897
795 518
376 557
893 216
400 664
884 118
406 89
103 332
785 192
803 673
788 865
218 444
361 761
221 470
846 396
339 29
6 376
671 376
770 167
698 312
554 197
874 806
122 67
364 132
239 82
300 233
565 718
896 753
550 488
111 729
684 204
524 659
463 97
125 397
749 648
42 674
547 685
36 655
112 29
211 27
224 785
686 431
863 442
67 614
415 32
640 707
681 199
880 321
477 359
623 380
879 43
582 690
558 419
708 670
429 293
235 7
822 314
20 579
165 133
517 432
116 258
261 620
876 312
622 815
131 231
900 479
64 90
325 427
143 436
130 350
77 656
261 270
172 274
483 434
834 502
196 408
915 436
24 884
265 212
735 843
12 314
452 740
769 145
865 778
521 491
297 465
874 768
564 399
159 330
610 774
347 852
337 715
909 400
529 831
342 164
508 239
383 87
365 584
831 670
599 260
397 205
6 469
482 426
428 638
886 308
814 209
359 705
85 170
532 656
737 53
796 336
541 606
10 48
394 339
382 796
661 682
421 181
41 804
693 99
233 135
711 212
287 870
437 448
222 910
7 562
539 710
530 605
181 272
443 86
874 436
330 881
639 840
434 473
14 350
187 678
23 20
846 515
689 374
216 289
507 866
909 161
370 384
780 891
502 630
654 281
849 867
484 852
658 567
442 314
741 369
469 73
548 876
77 105
573 868
541 592
780 613
275 442
721 587
95 16
188 195
460 856
337 322
639 599
214 189
472 524
623 83
751 910
440 565
186 594
281 267
656 329
60 528
737 402
270 235
522 366
151 224
2 888
301 126
11 239
126 600
492 341
754 128
771 866
77 471
829 690
439 607
337 576
319 752
16 769
236 287
755 876
184 642
42 769
131 592
204 536
639 604
159 134
332 748
423 269
388 334
634 606
912 21
388 891
119 155
844 170
299 64
587 837
269 78
808 715
476 837
297 720
193 105
426 578
748 830
777 782
83 509
527 415
442 811
558 725
478 638
854 415
105 57
658 87
733 508
742 362
726 197
301 310
675 633
296 543
881 816
418 475
21 115
244 183
123 152
730 96
329 348
118 413
744 92
670 356
301 564
782 290
730 19
821 691
292 423
241 435
756 185
849 617
629 736
119 438
746 332
524 38
269 262
161 645
428 83
4 53
479 328
578 645
779 524
798 902
124 658
488 483
833 497
321 261
837 175
843 198
768 799
20 527
300 783
908 462
734 546
845 613
220 643
665 199
649 80
685 839
724 870
857 149
767 501
70 111
897 351
113 882
668 203
267 188
515 584
309 150
681 299
171 239
686 834
267 326
823 270
260 431
851 608
434 636
583 136
3 465
830 24
45 651
906 63
122 853
217 644
346 32
419 353
425 10
758 580
347 593
708 886
466 649
585 895
547 688
180 626
567 102
736 509
758 759
891 309
855 854
621 248
202 664
278 861
67 492
148 702
776 617
590 746
25 613
172 455
40 47
799 122
378 895
246 114
780 81
497 47
851 363
227 590
564 429
388 605
676 838
295 717
540 3
505 174
17 58
218 717
735 639
165 229
730 247
511 385
197 450
199 482
727 666
766 791
251 294
155 435
146 198
369 76
149 203
208 377
152 843
617 294
435 220
831 304
856 81
639 333
507 260
364 848
402 744
556 444
296 602
65 546
561 869
410 21
174 415
450 252
715 258
493 186
167 754
633 602
387 383
558 257
541 343
427 212
368 78
370 28
701 145
442 277
789 777
856 625
621 154
80 594
402 29
850 265
608 716
562 328
856 85
782 264
452 608
453 260
204 347
764 694
85 99
589 516
880 250
592 820
239 132
355 229
798 283
574 887
557 635
423 676
390 25
302 666
911 755
551 29
717 640
904 867
510 514
321 108
602 23
18 557
255 122
276 62
408 130
483 838
799 515
144 604
489 652
442 884
552 281
109 737
2 189
241 211
338 261
31 751
786 903
897 648
699 260
366 768
259 464
798 223
301 32
908 8
178 502
680 866
808 311
94 910
239 436
75 703
295 582
866 670
832 173
668 278
68 793
514 908
390 107
786 840
458 360
773 396
169 185
264 654
872 419
653 599
304 549
430 542
806 618
111 863
350 139
98 224
170 277
355 275
910 835
713 275
91 387
174 512
458 607
169 896
549 391
815 633
562 47
374 396
249 792
730 758
657 190
351 623
337 641
515 255
420 172
519 671
659 714
210 414
49 654
837 135
612 325
545 151
744 341
635 83
88 782
892 815
640 48
641 422
632 53
316 339
155 96
431 215
16 127
698 631
188 809
535 790
593 596
872 830
268 180
835 659
191 51
72 806
777 53
509 794
113 100
569 217
164 539
94 348
663 832
462 515
102 396
783 250
78 480
589 108
717 55
223 306
814 217
547 510
378 543
164 812
791 844
352 446
290 234
299 172
286 481
322 46
472 861
311 86
852 512
523 544
344 641
181 49
29 724
297 442
502 56
422 335
90 512
288 659
271 629
86 17
601 623
84 773
305 443
116 406
831 498
178 320
768 615
554 105
807 912
903 668
873 217
448 631
821 78
768 91
198 82
751 247
22 699
603 453
830 535
759 327
490 404
91 382
759 315
337 677
138 389
234 807
473 485
383 229
349 480
115 485
78 588
45 540
634 350
262 878
907 622
861 69
239 465
209 169
232 513
452 689
877 69
640 775
589 635
378 771
494 623
856 559
794 305
298 314
671 416
505 329
897 629
630 845
868 495
628 280
321 305
586 526
400 373
810 288
792 811
357 105
383 115
165 908
350 823
229 276
193 774
270 419
750 180
842 886
807 200
500 172
672 687
752 867
14 594
241 778
829 428
593 515
909 340
1 511
659 747
660 845
185 880
258 435
67 545
468 702
569 807
69 735
771 412
900 227
796 889
401 386
16 427
714 363
241 266
77 345
22 314
225 430
375 782
581 398
212 156
470 904
16 911
18 466
770 312
312 640
777 346
618 555
384 429
41 87
598 349
598 774
748 202
622 102
72 261
190 373
727 523
494 232
149 69
832 4
375 621
70 132
787 370
435 913
537 753
23 790
117 183
136 341
500 670
446 61
366 195
349 452
276 612
127 446
373 600
597 622
786 857
343 209
18 239
789 316
862 642
404 737
43 832
205 46
391 421
250 746
184 362
493 800
744 288
198 383
509 555
403 569
151 346
635 837
653 745
672 547
565 493
162 625
570 431
259 22
316 528
816 616
247 631
675 469
362 399
314 535
684 848
762 108
