1000 9884
859 116
399 217
310 908
848 483
851 664
302 780
677 704
125 786
938 252
48 618
360 812
259 584
467 685
13 585
415 821
403 26
263 547
874 912
284 188
877 27
697 333
990 842
151 844
657 847
792 224
952 893
679 506
282 828
351 287
247 980
620 338
341 287
472 418
740 587
64 252
249 176
200 795
113 280
112 200
357 698
529 55
782 739
457 108
990 134
386 48
934 633
416 955
775 703
922 17
110 828
918 205
368 733
10 454
690 420
470 708
568 888
219 964
288 798
793 917
775 861
473 488
159 200
989 361
702 866
600 568
603 747
343 428
402 574
537 9
685 897
63 829
104 802
13 3
954 994
257 370
969 514
744 466
169 970
845 76
228 82
781 932
998 426
820 958
492 607
499 505
458 731
241 217
643 397
345 331
273 742
510 867
612 399
632 581
480 818
579 222
800 785
470 477
553 575
881 410
844 234
129 715
544 278
651 586
160 47
694 556
221 970
727 604
812 991
88 769
804 991
937 186
762 833
838 746
217 204
250 140
915 440
148 953
494 787
667 111
409 403
238 993
429 816
838 404
452 599
752 85
715 347
737 743
573 89
562 458
364 917
72 834
994 31
966 104
272 4
145 266
398 708
889 13
396 413
731 717
49 848
366 531
926 533
12 205
415 16
664 920
906 545
434 968
83 160
301 169
728 683
508 403
976 602
606 716
699 506
901 874
810 945
831 745
337 349
672 818
716 863
295 348
229 424
720 553
519 461
6 160
651 93
765 87
656 757
162 98
590 98
308 107
99 138
189 667
245 783
565 800
608 269
384 839
1000 735
854 262
380 153
80 627
570 185
54 478
809 916
358 832
731 486
473 410
920 855
83 855
725 652
727 345
670 263
928 354
123 86
964 608
179 296
937 500
366 318
633 422
226 853
778 748
393 330
604 654
420 917
347 671
386 517
518 730
320 257
303 184
910 80
161 599
336 301
181 540
679 301
113 382
815 975
195 809
467 471
929 618
531 266
933 162
153 592
5 735
279 16
923 229
874 541
718 682
828 190
830 532
407 829
799 495
841 317
235 218
120 874
157 827
547 495
749 296
733 488
491 773
27 615
102 153
593 841
27 532
746 900
15 729
763 927
237 672
879 273
167 693
547 870
194 629
380 872
717 359
76 625
295 209
786 672
34 93
642 924
347 142
664 252
955 463
974 473
833 731
555 275
394 373
253 312
129 992
258 772
445 902
66 349
449 323
600 957
251 987
750 499
864 626
963 870
806 272
356 261
412 23
415 848
731 371
865 805
203 186
757 767
972 803
26 657
283 226
229 610
52 941
15 219
308 343
626 502
839 444
773 907
722 805
946 497
263 985
776 48
710 489
549 805
87 874
382 590
18 815
735 78
350 488
830 982
484 901
819 99
269 126
363 111
680 827
37 226
762 91
31 964
452 687
899 104
442 389
460 894
154 49
885 58
122 365
965 983
268 9
72 922
714 41
163 293
308 826
862 353
226 415
779 671
83 122
429 26
569 837
738 290
116 498
723 74
136 890
49 15
144 293
970 657
455 227
349 372
611 641
807 14
615 121
546 576
728 611
349 741
443 352
46 703
124 683
452 242
290 245
400 605
760 931
23 725
328 783
223 710
538 654
63 873
653 250
46 921
113 664
3 934
522 154
427 82
545 363
764 857
381 391
128 405
182 113
544 557
553 945
418 482
347 392
39 470
612 404
761 950
299 301
169 969
354 343
778 725
411 772
584 540
469 6
290 923
8 88
373 730
194 319
359 603
697 332
75 96
792 632
581 104
878 431
105 793
274 278
557 985
504 901
45 101
674 727
14 364
293 155
745 934
192 34
84 240
784 742
222 130
297 361
373 30
871 307
657 505
306 531
308 879
827 969
576 247
633 906
409 208
373 143
841 245
774 739
666 488
500 6
547 423
715 621
535 222
314 974
371 275
633 228
889 850
898 182
723 414
907 172
818 449
509 18
370 504
797 597
820 746
345 654
38 667
883 138
354 836
337 18
730 539
33 377
343 28
2 564
824 70
637 120
267 952
824 459
551 936
441 125
225 790
65 569
358 970
669 174
832 460
626 205
682 758
57 190
133 113
105 586
158 476
967 862
954 551
156 944
578 411
414 757
588 224
311 843
147 794
687 668
187 950
574 38
355 236
670 597
913 192
787 859
476 552
991 411
773 852
830 799
762 945
251 431
964 961
58 824
563 150
314 344
675 939
861 812
398 602
844 574
267 847
226 357
780 278
28 467
835 965
552 205
735 676
918 396
477 84
188 169
376 441
709 281
785 313
434 809
625 570
495 944
757 13
590 107
546 678
233 353
417 634
549 305
145 555
33 865
667 938
300 209
282 324
358 475
1 148
148 365
866 518
963 416
362 483
851 637
606 604
310 9
292 524
404 70
478 979
941 489
571 765
12 387
778 198
686 455
963 222
431 988
463 132
108 216
764 786
980 855
432 997
614 701
489 724
475 793
868 976
100 442
271 37
312 170
436 11
863 748
114 477
665 539
636 58
198 517
915 95
294 40
43 872
35 936
832 25
53 447
754 284
256 735
757 651
592 821
947 277
544 418
908 643
929 760
915 317
147 679
703 442
445 406
748 849
587 85
183 518
644 20
900 446
913 61
550 426
883 891
791 948
387 402
761 283
794 224
411 264
342 736
2 231
511 235
171 137
294 583
903 559
433 229
336 294
601 371
729 422
947 283
452 731
942 24
273 440
274 915
442 337
351 643
45 852
393 151
983 756
415 102
311 49
188 828
852 267
214 804
21 140
663 333
906 706
525 300
908 436
676 936
443 327
851 322
907 244
335 202
971 953
663 454
480 704
427 843
854 982
30 244
687 217
513 206
495 392
906 951
873 56
802 228
751 187
76 449
604 571
573 883
78 275
449 721
830 392
668 524
446 166
637 145
341 852
755 385
416 373
769 695
720 195
569 127
320 721
47 550
982 199
255 332
638 876
40 688
241 113
904 281
1000 482
490 784
916 806
751 895
557 722
249 463
268 631
694 736
751 654
381 806
701 263
702 32
43 741
173 686
246 492
283 146
428 921
657 865
431 10
52 861
697 672
192 936
853 45
749 396
970 331
554 138
402 399
500 414
579 725
72 701
252 795
109 638
84 409
130 261
939 717
800 373
575 507
514 447
92 57
40 42
317 962
301 445
835 925
529 218
378 720
804 468
442 373
480 160
230 508
880 897
37 596
866 748
675 71
893 645
605 49
670 558
479 694
90 581
491 526
20 872
479 693
851 350
103 437
414 32
860 16
840 92
769 64
897 139
366 200
976 908
189 849
206 817
301 547
968 224
73 988
518 212
7 849
428 426
530 766
824 415
933 707
313 158
958 878
618 755
836 334
360 159
548 730
164 791
570 894
203 891
761 949
315 873
209 430
856 927
929 981
553 961
424 523
902 992
118 485
948 38
734 531
311 870
645 2
47 792
449 249
195 525
381 970
960 747
669 781
853 80
782 84
951 935
114 598
260 838
282 826
318 764
302 313
583 88
128 75
913 116
553 413
844 644
956 974
204 555
631 844
580 994
192 35
527 945
508 965
472 339
329 206
112 202
495 697
98 405
338 388
671 602
230 702
875 183
951 762
397 62
519 918
421 695
975 240
577 289
779 557
361 718
948 696
403 976
597 671
922 800
657 282
341 531
790 30
187 55
558 42
600 284
451 362
325 333
495 893
22 359
979 832
357 892
193 971
486 336
876 584
510 346
826 129
573 616
617 840
845 163
263 152
57 257
129 156
612 690
422 571
281 457
341 697
555 415
239 873
224 653
741 440
87 26
128 451
247 329
129 958
497 804
160 429
736 623
752 862
897 433
699 525
337 844
472 981
475 730
132 297
99 342
116 728
320 537
137 117
229 967
387 299
834 14
411 995
929 866
87 606
894 858
463 575
344 429
731 555
571 958
915 288
865 733
313 630
784 549
13 845
363 264
571 815
666 521
443 656
245 228
134 791
522 50
933 29
202 233
425 782
986 681
59 465
131 956
282 48
658 951
642 336
770 797
97 247
171 776
301 389
474 971
240 537
775 669
577 702
137 793
555 930
488 759
589 707
1 378
755 743
149 930
257 865
213 758
768 516
706 995
805 535
708 358
430 548
487 525
271 608
555 733
367 459
719 870
479 653
560 821
802 344
572 366
146 906
737 387
815 980
444 823
599 893
357 3
603 358
56 995
298 14
76 478
669 367
816 241
898 935
986 277
403 491
417 22
879 66
848 286
423 288
337 799
488 413
215 858
583 715
935 125
938 291
782 464
986 55
986 179
660 948
203 771
566 426
203 144
129 725
886 951
282 545
301 226
51 356
159 913
460 400
669 836
229 733
839 404
787 777
471 880
274 460
616 341
778 972
840 937
520 360
307 428
311 588
334 919
785 105
415 690
573 10
580 826
805 247
739 335
611 726
654 484
891 218
810 750
25 302
639 127
253 912
348 900
993 89
536 297
689 209
762 505
953 548
680 300
20 853
955 114
449 773
432 213
486 280
354 922
23 691
963 300
656 324
950 58
546 143
693 460
343 199
551 994
313 16
898 489
924 560
179 2
908 611
501 748
262 826
297 104
980 987
170 742
492 75
475 661
885 930
427 278
29 246
158 394
967 912
870 501
661 497
958 173
688 433
393 283
178 611
109 57
471 566
169 892
134 546
946 540
515 561
381 805
351 157
100 915
128 100
644 122
661 836
442 830
98 172
740 707
118 43
247 973
312 619
514 666
911 652
757 896
335 350
619 931
122 393
674 406
379 388
424 251
210 724
16 314
563 104
395 938
32 992
496 733
4 398
316 424
335 124
691 204
98 33
879 883
885 707
538 345
25 266
188 850
425 608
819 688
419 30
607 561
700 245
866 749
315 81
724 243
173 19
139 143
379 770
31 117
828 273
741 592
707 576
606 650
315 319
633 296
300 41
326 733
789 27
405 802
851 462
814 710
158 42
806 886
474 455
826 16
720 499
437 98
902 52
318 319
525 787
547 807
342 417
43 4
6 392
389 16
114 848
498 695
651 855
830 618
521 337
229 930
929 980
143 86
365 34
682 228
145 578
355 20
339 471
282 537
105 654
587 318
398 179
593 737
249 178
247 800
196 822
910 14
865 545
442 722
423 693
674 725
35 577
217 358
491 387
492 677
6 711
792 903
478 302
170 999
210 696
192 83
127 13
183 879
991 724
387 378
547 472
141 311
53 987
244 158
745 599
87 258
509 206
935 822
918 192
650 930
278 867
7 355
417 461
957 691
885 260
888 24
797 930
693 24
508 505
371 51
466 805
788 266
591 327
523 466
522 51
446 487
150 762
997 13
34 899
857 316
682 535
919 966
674 858
974 279
977 81
261 168
155 957
542 59
391 533
820 953
604 784
774 630
591 522
467 876
364 668
703 190
259 536
276 922
834 924
941 984
981 859
892 138
358 810
307 772
234 876
19 120
994 726
830 80
133 273
118 369
764 291
268 568
92 852
91 651
597 141
247 772
322 509
198 328
326 413
18 994
917 790
184 390
178 771
611 33
460 595
544 102
89 271
342 619
571 671
973 420
23 4
670 507
135 718
905 571
799 615
856 39
837 452
936 415
938 565
502 412
784 851
552 207
291 805
629 431
784 275
981 937
232 779
700 206
206 259
137 792
887 920
853 536
840 473
1 377
921 184
940 876
887 777
746 943
709 57
250 702
968 381
658 745
932 280
160 336
357 159
745 317
254 233
71 973
989 330
758 649
29 685
366 790
704 629
410 704
285 500
125 245
471 489
474 447
76 479
258 951
532 623
603 406
932 988
238 447
220 606
518 157
646 102
885 860
160 500
526 696
11 477
190 714
238 46
224 892
632 501
872 36
777 247
942 650
600 891
807 919
590 477
170 488
498 973
834 19
909 323
454 800
290 961
38 35
791 611
42 174
902 568
212 274
928 67
607 929
332 981
999 906
957 200
83 551
65 496
412 323
454 194
718 911
169 434
387 7
207 398
541 442
670 710
965 734
588 891
258 232
942 326
378 843
494 925
966 75
681 457
311 130
29 782
830 746
657 336
642 420
207 343
476 114
738 285
645 831
297 577
46 452
49 480
582 138
50 827
809 609
278 811
708 308
432 29
325 260
737 693
775 934
968 488
128 255
571 69
917 49
603 878
427 845
107 997
3 830
245 895
33 295
16 691
401 699
553 258
169 679
613 164
25 907
1000 183
911 309
15 352
954 776
775 362
949 19
806 388
623 11
418 374
5 124
248 949
928 129
605 663
687 245
459 334
535 956
74 338
49 257
981 900
531 77
971 178
476 716
628 630
958 396
173 684
599 426
382 738
839 990
735 58
916 896
776 51
247 972
696 362
131 217
944 868
49 576
175 128
731 816
596 370
856 31
983 724
663 28
477 105
425 726
390 528
529 216
70 248
400 916
866 891
794 204
504 40
839 588
182 369
220 188
187 45
741 974
922 168
542 753
382 408
20 763
276 365
466 391
477 444
263 33
31 5
912 987
93 844
595 246
183 383
45 378
323 104
513 40
162 54
806 887
777 627
426 355
337 68
949 853
767 754
494 114
556 25
205 197
941 721
298 968
890 686
651 836
319 978
669 17
285 222
517 787
574 860
464 367
599 251
692 271
86 42
87 455
652 946
928 173
204 163
78 809
726 85
123 384
951 816
778 562
908 581
821 817
407 624
386 891
350 56
175 55
527 770
112 125
844 646
611 149
887 85
74 9
112 204
115 735
611 226
558 991
357 678
194 938
123 972
53 937
917 580
221 471
644 251
405 272
631 620
706 581
46 34
709 290
320 314
658 992
219 570
791 220
176 855
819 655
219 939
334 392
562 604
361 494
16 831
89 799
698 951
441 454
421 888
559 582
854 818
671 920
528 154
874 96
757 346
278 696
498 256
706 393
937 189
826 66
760 962
962 514
798 164
530 830
817 992
327 628
608 246
147 498
664 136
457 654
96 474
573 840
816 963
324 698
732 303
114 210
849 13
685 671
686 648
157 70
553 769
938 333
322 54
803 573
661 455
39 503
462 970
903 970
51 413
158 451
180 63
330 620
425 176
979 723
549 567
414 760
554 415
853 129
783 234
675 827
455 421
424 263
44 976
819 190
782 54
251 448
681 161
719 745
135 696
340 10
964 972
491 110
540 147
700 350
630 110
960 6
11 596
818 92
32 553
508 858
970 99
757 153
426 965
26 59
514 276
382 246
935 836
405 421
353 988
391 665
861 124
590 682
115 838
542 713
279 573
474 747
708 160
79 336
842 490
20 802
228 909
103 511
287 756
368 824
257 289
703 700
225 597
815 982
712 65
443 860
509 789
702 636
977 35
65 617
288 966
825 919
773 479
466 699
214 165
668 726
414 939
329 925
840 728
312 173
171 22
367 905
544 616
85 440
360 217
255 1000
310 763
575 37
337 575
577 372
678 822
492 349
169 774
65 213
907 964
303 215
30 629
14 158
17 330
176 555
740 346
857 34
736 925
554 2
296 302
259 418
292 116
904 45
947 977
35 651
731 934
326 510
553 330
311 590
829 13
98 121
444 109
931 581
566 788
532 916
202 11
334 516
468 360
754 804
472 269
67 792
377 144
487 111
952 646
443 13
46 90
198 764
269 649
664 661
93 69
735 554
645 830
903 462
961 761
799 265
540 114
180 895
628 381
991 973
944 276
512 584
859 675
16 775
658 714
920 477
7 59
409 856
230 486
15 988
457 316
182 39
185 769
258 591
797 538
300 830
768 301
522 275
907 471
357 404
450 278
893 34
306 978
720 408
96 386
996 317
873 206
681 559
518 126
189 556
216 630
270 343
310 596
556 852
722 620
514 971
821 72
108 742
256 400
39 447
901 32
228 372
235 592
156 104
428 773
433 693
492 208
368 462
921 872
788 557
604 130
290 853
421 45
499 773
877 483
457 707
283 4
930 639
112 82
184 447
403 371
355 438
670 803
798 711
179 196
805 24
754 624
330 750
776 274
80 655
997 721
83 288
999 854
620 9
639 319
87 516
607 285
884 694
750 188
387 256
562 398
653 37
822 612
328 488
400 917
511 281
23 813
110 805
865 48
996 782
63 721
980 359
840 274
718 471
116 109
561 424
135 213
410 500
653 408
258 672
99 786
66 769
28 986
750 599
436 539
167 853
872 673
465 125
393 744
611 448
879 422
975 627
427 57
194 964
929 287
5 327
717 408
440 316
902 735
258 885
647 493
635 627
781 955
730 805
551 785
54 491
773 279
831 225
12 827
784 534
364 698
237 196
423 883
530 415
68 610
164 865
789 590
435 150
503 182
324 795
790 772
450 914
498 530
482 399
917 140
279 852
986 577
222 469
4 40
761 517
658 29
736 837
237 264
693 394
908 981
1 855
455 742
313 825
832 327
960 184
710 295
645 451
761 208
173 450
376 306
657 509
953 934
532 971
476 277
480 208
118 838
825 292
639 160
785 337
344 959
939 656
22 24
595 454
153 223
358 160
895 411
182 338
149 907
690 417
117 425
314 957
657 103
940 793
102 52
859 747
915 685
903 52
896 270
163 769
609 305
426 437
785 13
317 850
683 381
896 189
401 753
533 56
668 849
29 936
251 697
930 84
925 254
705 371
276 838
579 423
985 636
379 221
859 87
364 527
252 436
420 664
764 95
857 299
877 984
961 261
472 246
995 755
99 57
338 803
870 973
138 743
288 216
198 319
735 236
437 937
791 718
315 148
247 774
568 511
218 568
365 439
310 917
359 72
724 56
451 894
303 897
911 710
539 191
723 970
509 443
943 209
268 495
362 478
269 898
182 621
148 821
459 540
351 538
510 858
529 22
513 847
719 303
206 406
358 253
748 301
378 435
558 218
889 129
317 632
954 335
2 976
629 207
940 878
334 485
454 516
656 445
270 909
70 483
917 426
832 670
279 685
487 526
168 758
816 130
484 272
987 171
292 671
890 914
7 244
580 202
15 665
349 451
975 51
916 59
275 437
243 489
373 461
328 553
829 983
960 874
208 15
685 531
890 743
88 597
787 447
256 437
422 486
82 891
947 645
218 331
792 406
26 646
167 312
198 392
180 131
436 309
331 41
591 959
597 318
950 810
790 703
415 183
406 692
227 505
691 422
252 924
992 743
455 281
131 255
908 925
472 415
843 176
504 665
505 473
127 644
93 162
75 923
478 484
378 696
361 342
733 370
764 690
573 233
596 62
762 290
734 691
766 746
322 899
783 818
515 176
338 109
853 570
519 761
315 423
236 807
628 493
167 547
576 391
145 821
664 803
3 659
777 708
171 309
816 174
764 620
840 36
552 632
241 553
257 268
149 278
854 581
877 604
920 107
302 907
397 909
960 726
459 348
422 288
24 207
152 260
600 898
676 895
294 366
683 896
996 28
66 457
644 432
61 706
523 501
337 538
393 280
434 500
221 924
97 662
556 635
599 311
752 470
825 366
739 208
901 193
355 219
122 178
677 362
282 802
100 621
672 102
781 316
54 245
549 800
434 56
307 314
329 214
131 104
286 644
785 219
221 497
884 695
350 271
58 734
663 399
410 829
123 768
26 273
974 979
595 410
859 529
876 465
112 622
41 678
559 684
625 800
2 779
955 147
868 592
371 88
872 531
300 36
731 246
551 605
698 243
793 979
958 673
116 780
805 41
968 149
660 299
989 545
594 467
942 361
954 955
855 9
863 514
795 463
647 381
669 197
865 329
513 889
255 978
988 541
812 723
116 704
66 45
752 532
220 806
705 642
463 694
967 774
53 322
695 823
95 987
42 213
995 201
833 592
201 588
401 114
648 141
264 182
144 924
877 166
716 228
350 62
758 427
418 595
355 324
249 201
69 478
435 220
74 420
863 228
64 242
688 274
36 888
408 767
762 120
563 73
467 92
732 592
219 325
866 938
830 721
112 428
165 702
636 469
227 973
304 286
884 844
36 173
754 15
257 136
754 966
386 300
206 341
330 365
624 271
194 660
84 544
784 310
215 270
479 250
954 138
771 560
557 31
405 210
723 331
427 343
149 221
758 723
797 705
564 764
655 551
200 283
115 424
78 220
621 910
858 320
786 741
881 545
612 343
479 984
791 290
514 717
964 340
968 879
788 218
294 295
78 510
299 511
798 983
544 267
111 370
604 746
136 208
669 90
797 5
79 95
17 723
79 219
94 451
592 34
747 686
465 275
584 573
161 732
994 650
494 584
920 543
886 990
778 581
193 35
70 747
327 216
611 469
924 430
808 431
239 913
390 893
924 477
875 361
69 434
967 409
350 421
408 684
197 286
469 601
143 920
494 900
978 517
830 610
101 882
463 127
301 368
283 749
156 533
177 329
452 748
128 682
412 490
679 843
847 485
850 459
654 665
780 482
580 291
162 585
220 247
37 391
828 502
645 728
974 779
776 664
215 445
767 880
642 225
758 541
85 913
11 18
193 939
841 839
699 97
441 337
918 973
443 431
724 532
819 824
257 295
778 195
542 888
444 819
584 14
971 766
537 152
906 111
717 615
626 776
445 636
446 143
243 54
893 382
553 867
384 716
369 386
170 181
885 970
209 345
483 743
108 617
949 429
366 337
781 676
485 589
911 97
398 76
23 797
497 439
819 789
829 259
325 649
161 760
551 399
311 682
317 501
672 236
748 831
532 584
937 152
813 885
777 295
392 528
865 622
896 171
601 124
487 139
329 313
257 564
999 812
352 357
369 697
904 668
743 299
943 869
433 164
287 257
953 989
809 257
767 54
195 324
442 205
228 766
121 266
193 661
508 606
879 569
76 826
702 962
794 393
776 692
409 941
932 319
438 32
367 378
336 742
29 541
11 343
380 759
72 32
112 801
811 599
13 39
524 368
138 439
33 331
486 495
110 331
312 510
647 122
908 866
464 201
229 71
656 727
548 461
237 956
402 659
132 568
647 395
87 945
8 757
209 308
856 793
30 298
678 630
627 362
662 849
321 259
449 502
583 559
604 586
971 329
648 948
759 494
445 866
265 452
271 218
311 793
296 494
638 693
954 819
986 809
454 771
521 460
192 830
528 952
781 426
935 297
584 964
109 855
222 398
44 922
960 307
341 260
700 333
682 320
62 422
911 569
59 428
23 73
705 146
444 226
62 561
526 352
748 80
495 529
701 966
888 691
649 635
745 750
178 389
453 13
382 189
240 726
738 333
97 51
650 827
453 158
326 932
961 731
267 470
250 642
478 882
228 609
31 6
345 779
254 213
417 29
957 992
817 149
376 835
489 484
557 75
392 579
317 627
552 597
807 391
920 217
884 266
30 100
33 448
915 990
54 382
300 784
216 677
750 294
181 105
168 504
479 884
690 801
986 120
270 305
533 373
347 398
534 68
561 596
156 168
944 329
644 405
94 484
726 249
963 729
855 991
825 280
352 882
5 494
941 62
394 855
344 470
334 817
170 318
317 61
891 920
405 59
550 21
473 871
700 738
922 676
578 194
394 905
843 234
117 449
464 829
339 827
50 442
288 523
142 474
951 576
37 128
319 790
3 129
852 106
836 535
28 628
854 149
602 913
684 611
249 772
196 261
947 455
288 856
770 84
962 972
432 435
784 152
732 230
453 259
145 978
591 45
791 447
832 692
245 609
671 901
818 507
547 139
175 842
107 640
237 721
20 777
646 717
302 438
923 668
525 704
345 656
789 59
976 990
133 679
25 806
409 647
877 194
845 244
168 826
146 844
962 432
759 813
67 76
659 400
642 606
557 337
461 380
1000 242
211 877
17 944
859 169
699 512
919 819
625 204
1000 718
468 543
734 982
807 476
212 548
105 588
623 278
55 842
632 699
136 160
102 889
855 277
442 912
5 450
419 394
373 696
393 416
718 50
839 431
881 253
700 535
682 486
951 902
398 770
113 292
956 888
979 472
448 15
286 803
216 27
434 110
511 108
724 371
118 902
134 923
438 537
3 108
792 999
691 155
729 332
733 364
127 45
93 205
373 365
927 348
50 128
359 142
897 203
184 966
738 373
576 88
232 670
709 404
419 218
572 908
809 454
672 266
818 268
432 95
451 333
487 699
491 572
888 56
161 569
106 413
7 97
729 953
931 341
257 294
72 747
51 830
816 954
594 695
732 415
163 908
536 434
96 438
778 83
346 124
211 920
44 660
641 201
60 935
612 372
684 169
498 148
534 627
194 189
494 732
803 589
147 241
220 969
169 617
631 425
704 902
9 240
651 641
708 950
303 498
582 923
877 809
755 501
518 435
223 331
523 459
427 446
506 349
352 843
830 112
688 537
345 74
184 328
536 925
4 83
811 357
333 921
501 343
670 552
543 826
933 218
340 186
933 171
60 201
581 343
635 327
487 138
491 79
758 3
282 238
827 614
692 949
417 845
344 859
145 350
211 173
766 665
123 905
896 797
1 447
991 552
410 253
306 314
453 185
917 746
775 764
710 979
234 40
549 479
755 600
664 519
21 150
684 698
187 114
478 663
928 908
620 996
13 704
154 920
803 45
567 28
660 418
201 387
334 225
45 274
484 310
760 310
361 197
15 590
698 76
366 822
461 34
12 946
216 859
362 569
248 10
552 521
57 429
276 137
205 221
544 937
691 810
450 132
417 53
551 878
994 969
901 267
233 701
949 31
971 507
958 199
318 102
17 521
489 980
570 983
4 785
260 443
192 529
997 436
919 601
222 514
249 465
152 369
251 175
126 777
363 425
109 197
327 18
240 188
485 450
999 540
921 968
493 695
15 226
541 489
445 436
474 538
550 939
770 525
934 508
636 536
255 82
738 104
296 43
334 615
919 348
504 846
909 39
326 251
511 862
79 977
325 592
322 882
966 427
880 808
808 21
520 655
715 582
240 550
154 218
106 51
44 253
851 247
270 843
988 36
457 948
258 703
794 285
747 471
861 323
419 496
243 20
741 317
727 382
655 717
37 914
224 743
764 993
820 563
141 948
22 558
564 854
321 908
636 299
125 810
950 293
60 879
869 443
378 390
30 263
214 224
823 606
911 43
476 910
61 740
905 70
449 66
662 307
87 432
234 900
455 44
636 239
29 503
857 238
160 394
271 430
717 938
351 252
557 833
527 153
948 322
967 38
626 356
448 36
634 218
754 659
562 478
139 627
31 929
303 716
202 232
370 815
186 324
150 81
227 638
447 945
488 702
328 263
129 298
58 752
663 429
779 688
747 4
433 124
162 658
510 98
44 338
561 376
799 1000
568 768
112 652
538 88
135 58
183 302
388 726
357 247
918 376
72 121
458 926
845 866
261 497
63 805
279 872
697 955
534 742
77 73
462 701
961 795
472 701
663 823
940 344
115 288
157 344
543 312
368 589
595 618
856 978
150 269
88 636
479 248
673 820
462 974
357 291
843 845
275 233
882 169
621 464
952 195
200 808
95 57
618 770
801 290
76 128
496 94
259 330
338 689
389 29
653 678
446 700
620 287
867 683
415 567
956 55
364 645
49 563
947 102
415 708
868 945
364 236
572 329
807 562
383 340
720 206
476 325
993 341
227 525
583 344
896 818
418 586
471 840
358 240
378 530
533 564
864 341
295 737
480 110
978 293
637 608
257 234
311 91
851 62
637 721
139 202
589 590
121 320
172 402
211 716
429 381
432 47
435 679
71 968
93 688
64 954
836 200
90 950
257 293
589 809
393 805
217 553
426 295
391 743
511 415
967 644
831 451
906 462
129 924
871 80
218 52
493 142
129 525
705 558
372 829
543 630
802 300
566 317
414 574
165 508
663 297
55 824
424 570
498 887
341 155
13 834
539 592
425 144
208 800
800 932
485 732
587 674
109 224
368 422
773 927
460 398
562 930
320 281
302 409
85 23
503 488
450 660
184 312
477 717
758 358
170 759
243 983
946 340
692 144
216 73
274 345
518 276
187 600
443 690
886 218
155 230
818 794
487 133
587 219
791 973
334 520
66 582
257 955
573 117
192 144
853 741
321 572
875 117
344 971
823 461
899 389
26 27
724 118
641 590
720 961
125 336
344 745
225 314
867 759
67 715
488 916
267 138
750 959
732 94
438 465
450 483
969 940
361 196
768 772
879 398
591 314
738 858
442 70
996 15
85 661
638 995
842 748
368 951
755 5
811 887
140 691
266 416
490 530
966 837
54 259
458 648
76 335
223 392
940 288
836 337
765 341
911 161
234 655
273 533
272 992
845 413
167 241
872 5
457 961
401 361
75 286
169 981
887 215
372 896
565 95
786 860
290 911
312 939
504 659
765 552
514 882
666 937
960 646
229 763
216 182
201 550
626 321
40 868
68 925
350 65
444 92
761 478
354 28
32 792
450 619
877 336
846 67
779 856
491 388
877 481
515 866
697 907
594 729
739 256
943 138
819 408
113 394
608 581
330 247
677 186
25 355
368 957
391 308
106 798
287 231
219 725
273 413
457 200
150 37
995 584
979 79
413 653
515 145
996 778
443 154
796 670
3 466
10 937
962 793
528 179
180 974
613 400
462 388
45 228
729 839
811 949
154 620
379 471
965 420
569 651
570 436
256 52
572 522
205 477
233 894
695 332
223 607
138 139
214 374
291 892
593 31
225 883
355 828
284 352
782 483
805 972
472 960
367 813
351 907
354 508
744 350
103 967
121 27
294 24
234 901
649 72
959 879
619 726
782 172
485 788
14 90
556 875
759 18
680 737
30 302
740 749
31 642
4 330
946 239
911 543
516 173
403 812
939 814
500 360
562 479
672 355
342 33
796 574
236 354
718 746
59 315
98 287
745 712
961 923
710 126
736 389
794 45
451 450
75 642
663 285
651 509
250 676
567 161
469 902
862 615
922 312
872 995
407 721
294 217
774 404
656 371
286 50
91 438
592 625
711 461
522 324
794 737
798 169
546 350
272 763
849 723
702 581
993 583
996 354
906 118
564 622
17 805
604 895
721 61
573 948
228 91
655 966
802 406
403 268
593 123
649 313
850 618
195 291
327 419
18 280
570 797
94 567
83 834
393 196
820 165
547 551
15 69
473 54
471 519
368 300
186 917
833 342
526 883
933 851
401 194
554 408
203 122
773 954
578 2
706 79
563 490
494 574
813 782
157 586
812 871
835 542
909 315
596 709
145 86
218 516
834 346
203 297
403 987
387 446
444 53
756 789
196 566
93 346
79 795
486 811
783 693
182 528
170 852
724 83
947 436
452 894
533 563
666 468
266 998
139 380
803 213
810 791
940 874
421 812
232 559
767 893
605 114
510 238
314 93
296 544
896 383
770 344
372 378
854 962
121 574
638 117
159 292
492 775
826 99
954 28
426 405
465 185
103 587
128 55
310 803
37 937
66 880
189 970
242 60
981 551
820 923
470 20
181 943
418 435
677 304
989 776
704 920
65 910
817 671
603 138
342 82
621 290
568 210
345 223
520 341
630 528
497 436
573 725
703 204
872 200
947 822
695 888
379 475
526 254
708 741
657 893
252 553
884 219
597 171
486 538
857 86
624 839
149 539
246 186
545 945
340 43
912 476
288 454
808 285
183 655
520 145
776 379
429 779
978 935
715 382
643 237
776 458
896 799
886 276
762 302
410 251
693 992
614 804
88 465
861 42
531 567
139 152
966 367
788 635
515 197
837 902
307 257
908 428
614 761
841 919
254 188
202 603
186 68
664 212
618 195
600 586
642 883
699 142
883 221
154 521
626 996
584 222
267 794
270 655
806 845
533 11
613 349
146 632
828 840
581 640
765 483
626 811
202 415
647 277
542 62
397 538
982 534
290 682
294 354
284 396
358 869
324 925
843 647
938 145
63 304
670 360
274 831
274 9
301 345
757 710
332 209
73 231
482 484
356 413
698 344
56 433
884 545
685 723
259 372
687 860
195 934
714 922
87 652
398 841
289 239
496 103
259 389
297 90
27 97
869 938
339 691
31 681
397 47
481 390
279 79
799 665
770 954
770 410
607 139
19 626
95 423
939 709
447 782
988 482
511 183
425 517
903 523
64 451
356 928
306 333
843 446
628 696
206 466
482 522
600 153
283 583
103 126
288 831
511 405
866 740
896 694
242 561
409 910
470 545
276 474
758 600
135 97
798 291
264 997
340 993
343 718
383 909
842 340
964 94
471 623
732 466
202 849
612 552
870 352
376 548
160 593
989 686
711 693
858 283
397 941
56 785
111 633
422 320
406 837
209 277
289 157
38 816
954 665
367 972
208 971
63 455
885 354
215 648
971 374
790 942
384 550
593 312
172 956
411 799
69 791
450 827
721 560
843 816
968 695
612 33
92 847
165 149
757 587
759 237
285 540
866 510
351 924
814 476
312 864
601 401
378 794
896 953
311 290
429 638
934 753
596 156
186 889
249 47
948 529
897 513
53 947
516 317
790 308
990 866
685 418
559 505
782 664
896 711
469 675
899 476
775 689
888 321
376 253
126 193
366 688
184 924
884 949
462 199
984 579
209 643
948 934
401 960
928 950
432 5
654 880
822 278
589 569
326 673
864 24
457 598
594 145
907 52
985 820
896 259
493 501
111 954
408 93
427 907
103 550
128 44
737 488
59 708
977 57
171 398
964 193
587 774
272 779
441 900
792 702
872 416
1000 245
301 656
986 424
91 196
733 653
540 519
635 899
961 25
48 689
711 558
142 863
53 128
660 920
990 611
811 92
703 90
542 476
878 669
74 512
423 995
941 866
503 145
587 322
164 529
221 960
920 611
134 749
817 941
735 235
296 312
80 415
815 195
748 870
659 523
536 674
900 451
723 608
630 167
501 146
47 26
31 609
216 30
123 652
789 916
726 708
882 598
566 957
933 406
684 796
10 831
942 412
709 383
69 208
365 869
353 101
227 924
33 871
178 328
451 69
918 541
944 671
716 546
241 853
810 788
851 192
780 252
15 849
343 356
715 913
864 437
137 995
709 179
582 323
822 498
970 545
8 784
873 442
431 886
971 869
879 372
203 767
55 374
2 638
159 436
54 138
595 623
708 147
551 839
475 784
507 689
563 126
924 603
169 373
449 381
910 738
23 118
739 588
596 963
759 657
7 550
981 663
602 220
52 189
380 258
703 126
657 594
344 371
843 875
825 228
644 360
557 741
652 851
554 125
759 680
166 254
499 815
575 662
13 471
544 42
565 396
109 768
661 921
991 565
246 187
875 329
198 62
861 918
865 467
174 951
549 105
828 176
424 150
478 489
943 865
321 562
896 784
490 411
58 711
974 585
443 3
692 758
486 935
397 600
931 822
574 839
261 883
780 17
49 25
327 283
468 585
111 687
81 904
279 607
569 915
987 492
514 20
295 485
922 369
231 727
694 277
735 501
133 619
315 664
153 293
483 746
306 463
702 691
315 521
780 597
141 909
897 215
133 781
725 995
158 208
472 631
34 962
823 710
721 4
578 647
544 539
600 903
855 209
651 449
873 978
431 334
432 664
967 904
968 570
199 290
807 35
707 343
420 556
347 580
60 539
939 376
711 276
940 603
697 318
324 769
544 455
85 41
359 702
539 348
795 246
43 621
985 228
23 468
689 728
731 777
787 523
274 714
684 853
60 95
335 471
719 381
153 852
500 133
232 827
491 842
454 338
632 823
810 714
801 901
931 978
1 265
349 658
395 17
20 642
224 45
791 407
841 946
908 679
204 894
595 255
262 210
157 424
193 919
214 571
794 362
936 553
850 979
90 876
552 601
203 647
534 729
974 400
578 969
500 543
362 536
807 272
119 408
981 621
12 674
300 492
388 817
228 48
587 635
935 61
994 603
242 212
267 709
751 821
755 430
938 114
350 35
815 456
29 323
674 920
967 253
803 868
341 363
170 427
835 407
383 857
86 271
829 365
118 156
526 38
726 991
415 604
342 980
271 472
256 783
829 478
943 74
781 347
782 972
779 102
880 515
721 861
790 491
577 30
190 539
563 223
305 755
753 876
506 920
353 239
84 105
710 237
787 660
684 968
974 482
573 300
396 241
379 841
788 589
472 375
374 468
410 419
68 347
948 935
809 88
698 801
789 214
42 973
397 163
333 250
244 299
561 95
233 62
705 159
892 718
864 45
712 44
324 274
290 414
772 782
917 227
902 121
63 183
927 990
499 517
287 575
309 19
990 199
157 95
394 307
753 482
860 386
60 782
544 579
265 38
48 690
837 894
696 894
697 43
994 639
522 902
687 576
744 10
543 556
655 230
652 372
864 675
825 995
568 167
795 912
83 930
302 384
817 940
674 559
204 866
557 930
579 630
909 313
549 786
416 882
840 561
147 514
95 216
886 253
366 486
195 782
514 302
863 199
792 892
629 523
255 23
425 542
60 7
481 62
279 231
691 159
53 918
610 469
97 14
831 943
760 488
641 615
41 967
336 977
231 972
714 486
793 832
2 938
719 75
353 838
49 445
587 115
729 739
567 135
434 513
152 738
606 699
828 721
747 259
31 474
992 490
922 397
433 76
994 350
106 296
822 98
237 578
368 831
431 368
579 363
228 795
135 313
314 300
885 691
432 927
252 240
91 178
534 624
506 348
416 76
755 328
630 884
668 593
299 478
561 519
891 280
910 658
15 42
512 930
57 224
248 929
688 398
549 579
677 542
643 642
176 989
43 866
646 278
134 575
639 716
601 604
147 832
442 944
422 250
126 971
194 381
857 43
97 622
776 31
422 139
501 196
49 963
360 668
951 998
678 154
93 410
188 498
117 276
444 100
620 397
400 130
166 473
98 483
10 833
399 568
92 709
477 29
61 350
980 116
212 222
250 393
749 593
456 264
942 40
102 261
504 20
893 518
857 528
399 887
810 870
281 76
407 532
999 414
414 272
98 551
448 602
229 645
201 310
954 220
633 283
851 332
45 253
231 726
42 901
592 838
278 525
717 284
158 922
441 225
941 340
983 185
698 59
332 845
133 780
7 871
153 681
929 229
109 381
440 406
461 256
545 309
971 511
419 788
973 165
591 714
886 718
11 507
134 505
872 8
449 457
213 272
108 586
273 667
203 806
21 921
31 338
489 431
398 45
420 557
479 66
688 569
963 625
360 986
36 541
792 615
96 948
155 441
283 108
800 50
229 760
364 17
700 731
868 385
688 871
46 592
840 974
655 365
2 447
669 577
718 866
684 854
26 344
196 520
288 595
715 284
188 244
260 537
662 980
849 691
429 984
200 293
123 774
53 717
386 322
616 901
396 303
832 685
690 263
249 589
868 892
794 635
167 765
153 407
372 269
653 482
124 702
59 845
423 292
443 490
372 444
266 97
512 329
474 460
217 678
136 700
587 796
381 299
774 88
263 491
742 812
214 373
859 64
589 134
56 787
395 985
384 794
544 568
342 41
54 413
772 728
114 392
374 337
9 12
156 165
341 239
747 932
273 647
985 582
402 37
518 383
333 635
155 616
742 665
213 421
450 825
490 890
346 710
476 825
227 89
201 957
342 890
625 126
848 795
891 927
847 632
867 150
373 961
744 747
247 663
145 504
679 639
64 200
134 944
378 792
785 40
911 536
169 596
936 428
599 39
871 292
257 992
848 316
116 315
706 605
75 566
684 600
997 202
120 941
343 749
610 272
81 347
746 944
987 422
792 273
756 233
446 45
611 678
757 1
410 467
140 712
326 679
408 48
228 913
503 958
840 19
950 72
38 662
349 591
595 779
945 840
513 12
323 767
937 968
20 116
621 316
354 714
730 657
262 622
418 315
220 627
663 819
850 726
711 667
267 905
787 315
399 1
437 510
631 448
228 469
985 758
366 297
987 635
660 922
995 269
100 239
194 116
158 459
808 771
882 937
159 55
284 101
403 657
952 33
88 781
92 813
532 434
442 780
204 867
208 614
257 689
773 857
248 578
236 419
717 684
154 346
317 830
445 361
236 306
447 712
634 109
361 519
362 360
895 70
418 582
978 654
818 39
948 870
606 926
741 957
569 772
73 501
914 741
196 21
173 82
803 7
384 279
3 559
685 55
781 440
304 4
548 241
475 323
404 73
958 656
775 970
216 981
564 883
3 717
685 985
402 681
683 312
78 959
865 527
940 169
101 99
963 88
385 197
665 710
258 820
79 573
51 547
911 329
447 37
846 950
890 750
816 709
601 625
89 486
811 938
313 333
796 270
668 977
15 90
623 305
837 759
652 845
466 722
87 628
489 797
109 220
455 496
256 682
515 741
190 871
672 226
435 124
700 560
602 286
437 775
724 301
433 508
978 592
689 515
192 101
945 409
448 159
1 513
37 323
518 786
409 228
727 956
469 744
329 29
40 456
974 591
118 641
581 279
880 81
679 785
571 257
629 59
611 512
245 258
562 196
453 309
326 973
862 659
238 495
576 296
261 642
814 982
357 809
193 792
930 957
873 267
376 813
215 204
966 524
77 299
849 274
154 532
730 567
822 79
504 831
686 494
746 317
267 876
342 288
825 842
707 170
285 64
173 453
270 428
223 419
132 437
647 278
280 320
262 816
255 803
379 154
695 522
76 218
350 521
336 183
214 719
66 448
476 935
459 179
578 423
869 356
919 125
195 653
87 427
470 273
355 798
709 864
345 993
314 749
388 403
687 857
688 649
764 380
514 737
758 224
625 34
75 193
62 473
339 692
820 301
434 160
877 332
625 179
936 290
592 452
594 725
81 287
593 814
692 918
253 616
418 543
398 537
81 703
619 187
876 298
353 927
757 89
38 810
575 840
724 150
10 680
908 109
177 253
658 516
625 767
275 856
883 495
666 11
745 498
758 9
857 497
152 665
770 509
740 826
391 103
185 948
98 955
284 952
802 829
327 493
716 923
418 50
382 355
59 844
942 785
885 584
499 133
927 855
305 460
349 459
936 698
418 782
194 988
717 400
938 463
497 821
243 313
443 802
501 805
411 581
746 416
103 797
17 974
347 279
647 378
638 765
952 462
530 619
996 63
320 520
470 450
860 734
224 102
192 626
639 822
398 14
972 151
406 533
762 644
942 971
412 510
895 617
587 296
622 967
971 73
368 482
423 51
776 73
340 136
32 201
344 75
776 216
902 648
463 834
924 496
361 776
765 810
605 565
253 229
143 540
438 644
745 914
823 57
758 710
397 161
554 996
573 72
425 680
210 686
908 819
862 446
373 769
993 445
860 104
390 581
646 424
84 986
413 764
700 60
232 680
788 591
738 474
975 27
697 349
79 260
442 126
280 845
832 650
263 124
448 643
430 535
876 579
42 971
594 140
479 658
727 424
237 604
453 559
937 958
989 493
295 316
831 478
444 806
195 120
345 523
876 865
306 736
261 269
872 276
689 322
582 663
766 797
481 765
517 604
275 417
797 508
963 12
949 33
531 226
777 880
11 113
614 956
359 828
436 59
493 509
574 865
920 840
423 783
445 819
449 432
730 35
507 230
754 157
241 54
961 285
635 226
178 545
198 420
485 789
937 276
389 941
908 659
748 978
35 777
521 725
661 785
776 101
710 402
123 276
914 143
184 400
905 464
800 234
714 800
640 899
435 257
808 293
169 493
355 502
799 617
891 664
783 512
342 720
326 181
153 865
406 125
45 723
121 21
122 326
909 106
838 16
174 120
340 352
487 467
288 779
841 821
222 900
888 352
176 876
267 391
529 808
849 523
231 863
414 325
36 351
310 106
870 114
708 361
46 656
432 36
784 265
968 502
720 663
868 535
104 764
642 794
256 136
404 57
108 832
360 405
317 876
87 66
401 725
920 95
719 649
85 522
635 578
449 705
470 185
716 641
336 61
797 448
55 535
324 534
399 100
497 5
9 250
1000 99
401 571
510 904
925 429
32 420
398 87
809 684
421 222
128 728
417 575
339 86
815 386
393 373
527 62
972 223
104 485
89 87
832 505
795 239
193 177
69 526
288 363
74 404
883 982
114 917
652 515
602 654
623 756
664 811
465 930
192 102
746 565
429 775
13 72
107 117
37 322
581 389
908 251
286 547
306 165
110 935
6 674
101 736
140 988
611 515
313 713
382 106
975 467
983 996
968 387
343 261
988 94
182 141
111 793
776 778
654 815
414 48
366 841
239 197
96 189
79 428
997 873
745 192
746 171
290 85
328 768
936 735
811 989
24 593
748 339
447 25
530 895
823 850
169 685
190 373
1000 161
798 116
677 845
15 362
647 556
256 331
729 636
377 963
581 541
251 982
492 404
777 136
171 233
198 706
323 702
132 212
550 136
924 856
929 950
311 790
441 524
317 938
77 545
942 543
544 474
672 15
194 351
268 762
839 109
127 431
203 407
522 513
226 773
127 316
947 824
458 43
41 65
245 161
834 414
641 786
913 21
59 421
421 310
408 747
210 715
301 288
230 654
469 538
952 572
257 922
793 760
64 396
377 187
787 746
684 630
794 210
705 437
944 715
73 276
106 170
213 662
969 104
590 632
37 600
371 258
723 89
337 502
301 83
983 539
231 790
453 296
591 86
413 938
90 585
552 318
782 106
681 606
332 574
333 211
101 375
727 391
999 354
656 268
487 570
845 888
854 900
168 694
978 155
546 461
632 42
983 238
489 382
370 576
290 121
920 32
238 378
820 569
358 584
923 663
197 710
185 6
683 259
521 636
172 772
854 744
945 524
196 809
824 427
751 80
368 551
864 956
334 155
354 518
906 177
726 278
764 221
470 80
329 860
823 596
943 187
429 615
409 319
194 110
622 86
626 45
445 159
906 965
768 464
143 456
735 354
921 930
597 269
236 155
300 767
189 11
869 633
707 841
498 749
282 782
294 717
766 878
692 853
30 852
160 516
516 27
536 761
97 773
190 506
834 482
670 772
657 91
785 46
1 735
813 600
232 907
265 822
88 367
823 387
753 579
296 924
581 349
709 296
257 322
389 640
239 569
735 708
741 903
944 759
796 584
357 910
235 302
842 282
491 952
755 535
607 542
790 42
797 774
384 945
597 532
923 949
313 471
818 498
983 940
31 483
569 968
328 644
954 146
465 376
246 957
19 639
67 279
332 945
225 583
299 184
618 406
231 617
694 67
660 215
418 198
989 541
190 418
780 536
108 863
987 100
290 268
590 131
99 612
428 386
200 481
932 818
937 744
313 198
133 979
726 306
582 950
623 174
735 416
310 533
521 378
428 672
531 945
18 164
551 18
220 770
165 826
982 394
15 241
53 430
759 92
869 524
563 497
450 650
715 154
146 147
790 680
539 360
886 833
756 529
504 575
70 882
257 695
616 500
853 489
800 235
391 578
734 420
378 826
591 784
548 711
844 563
938 568
478 497
425 651
70 175
589 917
809 301
296 888
25 350
577 281
690 24
993 73
374 576
508 562
438 173
171 546
483 788
870 224
211 357
763 784
656 438
944 497
907 199
158 847
358 180
550 801
917 34
556 294
133 627
704 36
910 853
256 66
2 634
612 541
3 719
543 457
637 446
877 623
178 589
725 971
228 149
559 819
547 795
531 638
227 776
314 410
958 835
265 246
29 117
285 235
418 460
699 549
579 27
122 594
323 473
90 500
258 331
997 409
193 835
583 570
564 131
838 550
513 603
790 709
769 76
683 791
338 764
209 652
198 272
700 562
22 546
848 440
84 351
821 574
661 933
39 977
448 98
856 415
168 97
45 677
762 73
293 509
52 930
409 738
774 962
443 918
21 846
980 119
73 181
747 309
511 367
978 368
260 695
10 686
138 260
331 842
872 770
444 427
874 176
529 779
767 143
291 40
546 248
366 991
737 217
614 969
121 620
747 480
589 509
516 821
167 683
3 666
333 191
286 15
159 263
197 592
418 159
972 602
609 368
662 506
441 230
775 185
733 559
96 412
545 345
928 591
275 472
169 573
833 582
940 286
998 620
195 337
893 282
470 53
609 963
208 474
356 164
599 232
383 950
587 544
720 79
761 789
482 270
688 429
13 598
658 269
414 687
810 80
42 230
136 127
374 179
891 7
503 341
342 861
553 754
610 997
373 889
680 523
255 357
735 47
938 847
481 296
440 696
105 940
783 421
753 836
612 566
844 661
863 139
630 130
616 460
35 574
675 971
124 323
978 562
407 998
546 942
249 22
184 679
224 756
390 607
327 606
654 460
857 704
514 291
196 907
588 624
995 590
282 495
766 271
642 505
490 10
145 605
184 901
370 740
222 605
405 483
119 931
107 271
993 226
617 718
944 298
486 161
968 416
876 601
181 445
491 765
245 518
11 82
603 668
324 427
879 315
797 756
564 737
584 255
767 534
898 633
115 471
745 76
85 691
696 520
180 665
910 588
826 151
258 843
850 753
485 346
656 954
366 55
167 2
226 602
924 927
547 672
894 585
592 983
354 502
831 120
428 701
646 327
868 243
764 444
583 664
216 378
415 826
694 595
371 702
316 941
501 359
319 522
382 698
15 434
833 464
479 304
9 892
504 548
88 931
880 399
933 155
826 813
151 178
321 803
433 425
269 3
507 536
980 167
313 839
944 827
429 231
174 896
819 77
286 381
969 344
516 171
719 428
723 937
481 22
123 958
598 507
699 588
340 479
490 332
701 994
83 439
874 862
81 735
69 136
288 737
331 645
885 246
830 681
500 20
581 237
785 472
380 266
166 849
667 988
941 213
373 435
488 579
141 525
948 931
128 916
291 480
883 378
171 598
16 953
290 184
148 25
71 989
183 295
979 828
854 952
750 633
607 844
224 811
9 401
564 709
289 993
327 617
438 258
702 591
880 497
337 925
10 13
104 928
621 901
324 685
203 564
96 580
349 878
831 190
859 738
817 484
266 354
693 185
740 228
298 915
846 609
156 277
830 426
878 110
437 364
42 412
282 687
274 59
39 377
714 594
998 790
433 666
234 995
697 265
825 316
863 412
460 353
86 303
294 792
286 733
628 825
347 942
431 384
740 655
241 592
451 872
306 93
385 99
587 52
809 114
297 294
279 114
463 209
307 381
511 229
205 826
64 70
211 153
429 178
505 436
322 770
987 840
975 219
577 280
649 699
154 123
227 899
419 117
679 979
24 611
810 654
337 428
154 234
690 488
999 118
512 968
875 940
252 466
828 382
996 712
521 111
67 724
429 485
175 641
289 562
775 950
172 103
581 995
638 236
37 881
812 185
67 331
980 647
275 737
849 324
554 4
134 100
780 942
656 740
343 54
626 942
509 810
259 821
506 552
358 529
915 798
556 980
6 445
670 84
121 915
432 610
414 918
881 341
437 479
756 563
483 177
621 651
696 798
808 824
152 720
924 403
643 646
666 512
844 61
646 271
868 139
359 512
605 808
363 453
934 10
956 566
958 412
711 53
900 29
4 234
668 17
136 418
174 734
122 23
857 88
910 210
731 947
398 998
203 378
765 335
95 312
834 440
404 726
763 499
106 914
469 516
877 391
914 403
572 219
535 294
691 255
717 703
434 876
897 588
1 439
831 975
745 650
344 577
607 448
990 472
538 249
371 296
482 723
802 562
15 771
589 666
96 81
684 690
392 882
486 186
842 418
738 627
150 493
462 435
444 650
176 104
825 621
897 8
92 180
220 353
292 598
300 457
211 606
590 990
756 450
828 983
711 830
803 307
642 623
203 623
919 941
212 791
780 545
161 87
745 667
721 127
261 212
190 202
910 707
488 486
181 909
256 508
886 706
298 107
88 571
86 26
983 264
452 121
38 153
539 644
644 329
223 36
190 951
575 150
670 509
394 696
415 982
550 151
181 720
840 534
222 484
540 921
765 914
913 233
83 909
865 528
304 800
38 293
706 339
84 227
362 397
17 222
202 82
793 589
477 183
329 940
282 202
545 623
122 269
175 261
349 50
390 604
706 629
526 280
505 364
73 80
382 170
796 614
818 234
303 534
935 769
370 741
615 25
338 71
157 641
158 746
931 782
625 845
42 835
663 359
135 206
690 259
712 855
448 880
647 179
69 56
29 760
466 818
202 565
72 69
55 260
167 846
149 207
354 947
870 395
374 639
712 53
822 46
756 294
777 639
856 636
564 657
765 16
608 341
757 459
109 108
143 135
129 716
677 752
402 910
902 835
820 200
720 44
591 859
743 960
307 164
626 442
761 673
652 784
912 749
381 861
382 699
623 475
492 47
8 214
286 957
87 686
678 87
721 416
982 697
273 199
153 486
226 225
891 753
19 660
424 196
871 196
236 992
576 198
462 125
727 865
965 956
433 27
664 681
847 440
334 357
575 873
18 114
69 24
576 484
335 837
514 38
528 854
573 521
436 595
958 760
6 805
580 330
232 472
456 139
983 799
916 212
651 33
855 449
585 293
769 446
183 452
298 894
870 262
179 61
474 95
510 689
354 697
308 218
698 366
460 45
479 851
704 947
359 825
530 615
721 208
26 774
227 155
801 216
972 521
136 169
872 211
285 984
697 264
934 495
493 853
131 494
42 191
631 147
725 474
193 57
199 7
860 963
613 565
818 671
654 73
678 115
511 902
210 623
633 640
141 27
683 600
903 683
299 851
283 374
783 525
273 316
525 198
211 962
140 59
628 766
3 373
763 312
707 745
64 357
282 292
176 879
766 324
362 118
917 334
442 174
577 569
391 27
773 420
552 361
594 220
681 205
34 359
471 158
625 998
457 628
793 242
557 121
278 634
889 601
820 733
324 492
822 103
937 927
590 963
955 322
404 452
794 716
194 912
676 744
690 956
370 963
327 733
128 445
648 676
958 833
528 728
659 292
91 806
110 6
29 228
159 865
401 389
646 381
879 196
526 935
823 549
751 872
735 279
386 610
369 154
960 515
720 266
655 118
714 542
91 629
556 537
933 660
908 690
416 804
146 245
899 817
331 179
812 834
320 664
1000 546
527 217
855 764
843 220
990 925
614 793
316 180
782 905
306 126
108 182
849 936
390 998
853 380
892 726
89 743
805 249
184 653
849 825
296 967
387 272
745 760
84 942
606 944
303 652
667 889
685 484
577 763
796 515
376 484
219 638
455 854
690 397
177 38
13 205
931 909
153 184
733 105
42 876
996 749
68 152
879 688
521 794
280 904
745 308
608 108
127 524
607 886
521 875
775 42
38 876
524 362
85 812
216 949
511 510
430 701
785 850
918 598
427 969
161 229
702 516
372 635
764 837
289 25
555 354
479 794
320 689
172 946
655 775
531 781
270 291
18 456
171 234
851 892
90 705
159 837
878 39
91 947
945 227
597 389
328 214
492 327
131 352
50 969
632 764
136 97
624 700
648 799
125 795
880 568
236 193
933 229
554 234
957 255
625 612
182 774
226 218
222 731
443 696
196 998
602 250
715 386
870 610
658 862
681 391
560 720
957 306
391 90
1000 843
875 73
433 254
237 405
244 412
131 883
775 586
279 411
192 355
662 88
645 774
278 849
742 266
288 933
900 852
813 53
559 689
289 761
91 309
292 996
668 931
376 845
251 587
618 122
475 3
775 14
357 43
927 851
180 756
54 197
718 108
225 681
63 153
120 449
263 331
637 100
861 45
287 577
309 57
113 648
332 878
831 132
119 406
891 505
581 621
911 284
623 780
576 592
333 276
265 12
764 216
378 399
52 204
740 427
226 715
6 277
523 445
747 923
745 197
559 640
611 12
311 966
259 699
262 562
315 693
237 474
956 520
777 395
936 765
714 598
696 53
293 425
30 968
624 823
382 523
203 436
984 159
565 462
658 160
531 338
606 250
808 333
644 979
499 922
481 443
9 604
253 663
434 979
41 819
175 280
89 735
754 795
13 286
988 817
387 761
136 951
157 755
374 635
627 797
65 289
849 547
941 211
690 341
68 321
269 598
736 251
239 280
296 588
831 740
445 522
936 636
902 337
443 412
641 473
254 846
245 905
172 803
696 418
355 610
929 311
158 131
786 728
931 385
586 315
717 432
684 191
523 214
707 102
1000 252
251 802
270 360
938 318
388 787
375 157
178 763
68 571
915 226
990 618
699 651
96 676
669 47
85 280
530 503
273 870
825 209
455 122
157 945
166 607
744 927
446 331
588 16
237 446
991 213
937 760
351 74
407 356
464 614
816 790
282 14
623 510
758 275
868 503
407 213
51 310
678 112
98 102
687 898
356 690
905 736
734 772
869 892
620 54
306 42
969 378
576 180
353 13
373 194
781 91
36 22
700 109
828 26
375 111
840 632
288 783
898 72
537 696
693 773
4 848
935 968
735 586
689 166
159 14
76 664
976 662
405 767
337 332
543 148
528 243
641 436
148 236
408 17
599 669
656 343
278 930
898 396
78 148
263 258
765 102
610 988
168 768
725 968
724 765
413 34
307 547
510 722
774 37
708 809
731 88
459 317
760 568
190 191
321 316
673 71
837 860
40 708
877 917
517 239
386 611
259 755
118 316
30 614
215 574
754 268
477 595
542 574
942 519
469 191
91 741
443 604
621 205
307 445
532 706
75 169
389 687
321 745
909 424
568 278
623 752
205 843
832 155
473 583
44 606
892 838
72 623
311 144
101 748
175 577
306 304
988 308
92 481
611 519
175 849
483 932
447 577
124 946
380 548
736 308
828 284
154 403
813 464
193 787
106 84
803 70
733 153
236 983
301 230
278 660
724 972
794 702
854 998
215 184
751 346
203 656
215 851
157 255
512 274
8 529
392 432
102 677
489 672
366 30
868 996
171 92
875 634
323 297
661 401
846 919
993 814
400 282
584 642
507 53
894 931
678 764
42 82
795 560
557 689
597 388
922 26
661 627
811 298
212 725
873 757
69 716
804 884
531 91
790 740
22 594
978 892
522 698
321 939
855 530
127 427
368 74
442 705
460 570
499 987
123 720
278 298
355 421
491 37
735 974
956 937
114 772
297 380
761 199
27 903
508 800
535 487
205 960
16 303
305 938
568 528
474 995
939 987
409 116
833 751
896 610
613 43
865 67
427 616
391 205
249 742
287 12
736 208
223 787
423 333
11 87
200 156
669 115
492 839
556 120
439 532
789 792
90 230
487 808
609 514
350 716
142 728
509 577
522 502
811 219
613 91
7 982
378 396
566 323
588 271
436 44
539 757
557 516
302 653
237 72
350 889
216 381
372 338
569 191
47 681
480 507
623 63
389 948
996 988
605 878
52 914
588 124
460 878
265 719
827 653
717 561
812 779
304 718
491 877
600 923
398 988
351 900
300 666
193 494
567 756
535 410
61 303
367 35
670 923
451 687
163 355
184 838
206 542
577 305
248 377
274 998
287 194
954 461
406 180
926 559
658 613
918 211
81 952
742 311
582 204
16 92
948 942
236 904
900 841
598 954
106 428
289 644
966 574
439 858
6 795
367 423
395 272
113 585
901 518
793 133
722 229
264 597
109 396
371 288
915 918
163 925
868 862
893 253
915 775
128 467
96 583
49 171
975 971
688 187
105 287
640 62
319 218
459 272
372 116
109 464
48 568
731 285
380 357
147 956
864 698
773 16
991 974
890 281
439 381
491 318
706 503
688 854
729 14
251 478
644 33
631 947
743 597
653 813
567 683
329 265
331 503
4 279
136 743
544 228
1000 998
322 750
549 125
754 685
9 280
22 215
648 258
830 622
409 274
191 976
529 1
199 581
667 582
573 216
645 699
192 317
654 395
88 510
417 664
373 483
727 756
747 218
35 166
917 332
6 997
98 538
175 642
987 408
67 358
361 69
721 741
884 183
855 374
50 763
41 505
917 159
695 75
797 697
618 502
232 325
784 570
159 444
826 219
459 478
42 714
258 927
759 587
695 399
536 44
816 876
375 243
986 404
125 1000
517 972
775 388
803 967
843 658
401 379
510 909
761 893
706 134
583 716
14 249
185 65
952 122
93 437
972 69
875 591
174 515
670 388
428 791
565 242
325 924
289 447
53 398
756 835
549 686
911 779
736 939
808 488
863 2
701 355
39 636
460 535
341 372
289 987
300 723
173 603
982 743
288 479
996 425
130 270
478 326
266 734
709 714
196 531
657 39
883 763
791 52
409 238
92 627
67 774
50 200
550 645
461 253
996 905
984 741
88 474
658 538
475 490
245 268
382 982
512 983
286 454
253 785
203 631
774 555
7 408
120 90
283 912
50 957
641 358
386 931
520 677
225 417
278 661
945 936
505 913
343 497
453 593
937 864
519 402
68 322
120 673
708 473
842 643
458 988
185 892
239 49
495 411
868 647
483 611
979 614
803 308
328 723
471 386
30 408
595 592
403 162
336 399
686 611
891 479
449 672
637 207
531 670
345 503
643 952
356 100
169 545
447 143
398 282
881 374
939 783
332 42
500 335
17 962
929 984
470 440
330 583
369 43
351 495
155 656
769 928
784 844
939 368
448 309
317 970
127 453
633 576
189 226
762 804
434 189
160 488
87 647
406 365
423 641
1000 512
655 362
913 127
390 817
893 582
839 142
93 360
648 331
356 986
140 159
141 178
470 712
143 804
2 216
888 703
585 865
213 544
329 35
918 69
23 803
615 901
554 972
693 971
620 797
641 672
93 870
249 861
357 998
672 942
922 28
889 821
358 400
16 849
346 504
243 112
756 593
855 329
15 518
567 117
827 882
91 469
310 881
718 114
205 101
850 858
642 111
603 446
698 486
557 353
270 997
428 411
17 960
849 561
792 142
595 707
985 739
345 380
437 276
788 445
649 404
579 215
906 269
122 918
333 628
146 25
648 811
688 732
691 719
676 914
769 829
517 439
703 412
118 148
464 523
467 412
178 793
730 282
52 770
805 460
787 849
516 113
334 465
49 524
709 869
311 388
807 515
803 817
577 22
631 863
10 945
709 753
508 982
660 654
621 409
947 309
342 858
992 922
349 19
576 217
425 547
218 476
432 321
359 158
269 882
91 582
291 134
374 633
840 429
306 584
608 968
755 651
921 93
617 686
300 110
305 256
876 697
152 141
334 181
689 410
231 535
931 165
347 58
394 217
288 258
592 762
383 825
223 532
775 253
263 425
266 415
767 647
494 106
43 195
150 869
375 238
447 173
86 871
454 763
254 697
699 540
612 299
1 818
655 889
358 843
986 32
259 520
557 615
686 885
860 696
653 751
344 271
274 70
132 56
340 832
835 635
808 525
97 602
294 796
594 2
133 402
190 733
585 765
514 675
466 790
61 105
459 812
577 11
156 836
784 677
503 575
406 388
64 43
435 297
563 3
1000 999
140 208
343 827
729 626
884 589
266 650
106 973
987 844
549 388
540 384
755 585
735 551
558 228
724 212
894 156
785 440
128 965
275 918
666 656
938 123
409 988
11 944
532 835
399 569
326 619
76 666
370 443
187 211
405 136
496 23
194 717
139 84
439 267
287 852
607 799
940 898
483 761
276 10
224 715
32 960
375 940
887 649
587 844
824 522
269 941
879 492
574 602
538 724
557 280
707 183
85 631
746 339
570 229
698 414
293 602
898 684
632 406
693 153
786 589
203 933
96 621
59 595
526 571
985 731
33 230
180 115
316 392
313 342
82 877
302 714
414 647
416 89
894 788
469 571
511 752
94 424
791 514
829 715
647 606
299 756
472 160
933 893
819 291
666 856
403 690
795 884
815 377
618 877
912 552
398 891
661 831
80 628
9 696
265 518
196 894
182 825
516 73
807 634
378 730
709 568
991 382
546 903
283 343
342 758
348 887
780 292
283 708
981 421
509 420
715 761
992 834
22 99
143 5
465 582
435 686
98 811
757 511
983 363
766 359
54 803
326 964
183 69
167 576
611 662
955 727
667 920
689 192
436 30
380 661
220 462
719 932
280 907
980 560
966 519
570 308
446 462
580 141
746 149
30 234
503 235
327 924
901 605
743 959
690 972
40 334
566 91
842 787
76 499
60 1000
225 755
464 85
137 369
488 91
143 175
648 579
495 376
152 274
1000 54
656 212
493 103
419 796
741 193
778 349
838 869
860 753
610 668
203 222
612 114
338 955
651 566
726 238
986 139
256 542
847 846
540 870
333 544
541 219
665 533
714 561
127 452
365 335
296 362
117 335
489 888
818 674
726 827
784 606
587 99
199 857
700 322
305 212
923 37
799 670
602 620
663 191
90 264
520 748
780 377
329 624
361 567
571 580
75 949
279 295
852 91
767 72
157 748
817 948
503 954
931 989
788 946
145 592
184 906
119 958
724 780
772 403
598 813
859 623
253 820
128 909
992 76
880 288
48 244
945 122
943 723
585 467
509 27
149 90
984 911
163 786
521 644
695 112
813 212
488 153
50 640
716 993
45 507
893 215
452 387
897 266
826 144
223 576
851 227
355 728
851 575
302 945
857 112
114 337
885 996
638 740
363 722
345 323
791 774
458 546
939 177
685 589
133 578
678 70
12 953
261 413
436 221
476 898
574 991
138 611
877 118
768 470
735 360
147 787
367 692
977 544
209 702
891 890
964 826
956 762
80 429
856 318
52 771
809 904
596 448
285 643
415 724
461 43
183 600
443 759
912 286
452 623
235 105
75 960
482 962
545 736
912 173
306 148
89 732
985 913
831 946
687 190
102 362
213 707
813 372
980 283
140 994
129 343
221 201
315 396
209 72
427 598
944 380
727 579
675 508
824 930
785 620
288 964
721 622
253 356
576 279
102 39
946 153
505 991
324 101
839 847
436 607
609 465
292 539
443 401
851 268
158 996
254 845
661 19
239 251
119 593
654 920
410 609
623 831
570 95
285 78
57 384
76 420
721 921
538 753
977 55
190 420
210 414
11 339
641 248
21 662
932 824
574 665
133 989
122 568
69 991
416 207
471 683
590 423
463 747
829 231
76 104
403 296
722 694
118 471
635 251
835 493
768 434
96 901
823 402
703 290
429 745
195 987
729 105
47 191
819 142
412 328
360 681
933 186
169 69
448 28
485 418
66 630
583 191
532 783
744 748
165 866
866 977
188 197
460 802
136 632
49 265
718 717
921 365
794 229
575 824
413 352
784 979
770 154
771 239
116 406
340 734
272 278
789 287
59 62
741 566
562 171
600 458
567 158
988 113
590 805
352 147
25 243
693 548
803 842
484 263
485 42
140 635
968 76
966 939
128 147
572 598
828 968
962 630
201 254
271 784
459 464
632 296
786 648
944 701
233 803
877 762
82 868
823 756
885 811
389 54
66 325
158 269
877 651
734 812
453 959
419 867
95 722
744 192
13 731
30 331
432 758
87 302
751 775
350 932
385 800
533 965
838 905
971 296
518 319
521 233
438 139
892 302
43 746
282 942
377 356
240 28
57 570
720 809
832 496
522 532
914 234
93 401
536 648
465 778
709 551
156 681
280 890
36 855
692 76
535 367
773 566
818 993
106 927
770 479
240 841
350 258
79 960
377 672
83 389
232 969
636 751
487 415
625 634
149 754
426 937
251 331
173 854
597 756
774 670
471 236
31 131
895 320
73 409
736 311
310 478
112 625
901 809
867 739
483 822
745 431
458 355
304 654
570 322
292 972
846 431
278 683
467 492
836 129
80 433
250 423
954 84
703 627
447 433
256 36
132 671
59 681
280 170
744 399
779 176
695 380
128 494
773 402
44 95
229 218
820 979
164 927
181 103
930 725
259 933
59 631
380 201
958 282
904 445
358 784
911 218
494 304
8 449
743 987
754 220
937 452
481 576
833 235
136 101
155 259
564 109
765 572
736 986
342 559
174 782
960 658
118 142
669 822
46 123
213 234
155 33
283 20
213 859
179 167
192 42
464 847
283 389
468 143
839 136
52 590
951 626
898 485
516 189
754 608
409 351
945 445
750 760
163 328
588 543
610 35
774 856
975 233
886 476
286 518
931 847
89 624
589 855
74 228
202 305
511 265
918 91
858 403
858 904
250 549
287 120
71 721
457 837
738 462
248 62
598 802
491 610
275 977
422 800
480 401
372 231
300 132
376 226
837 443
538 1
500 835
214 561
586 972
271 682
516 791
188 672
483 560
535 384
33 353
882 502
422 669
993 567
599 477
402 745
613 247
674 93
747 881
803 671
247 344
976 228
960 818
975 865
122 549
862 464
995 280
192 141
324 996
311 962
846 867
276 519
649 491
136 178
725 336
531 11
494 447
705 780
544 398
469 131
566 531
313 623
460 458
961 43
268 661
41 21
264 308
285 642
311 390
293 183
740 608
503 714
162 850
537 902
596 167
432 544
671 567
382 888
255 202
316 350
619 159
213 706
126 381
163 501
129 293
81 556
889 245
799 288
505 764
788 599
3 429
64 653
653 347
413 534
107 737
14 815
326 525
440 940
651 326
120 148
484 413
380 734
927 290
573 629
506 804
33 668
859 872
661 18
311 998
688 80
863 945
6 56
794 114
750 349
113 680
55 221
962 912
445 617
864 516
742 754
539 805
170 192
302 829
693 52
278 868
241 846
482 321
65 815
195 700
786 856
553 486
518 336
80 364
522 799
977 1000
80 507
800 4
359 619
860 984
990 795
557 920
725 86
585 739
365 423
459 814
939 600
262 343
407 70
981 173
503 569
641 802
839 195
973 417
576 793
173 389
213 900
363 27
899 162
849 976
192 129
293 494
230 329
545 643
37 295
559 422
665 827
139 283
638 421
254 466
274 810
704 155
939 9
372 57
427 718
942 133
127 817
63 537
980 431
374 970
710 880
538 897
686 249
906 842
598 965
90 520
751 477
560 216
613 437
893 956
505 875
536 273
440 678
8 220
3 820
225 612
464 220
870 340
717 511
653 692
243 328
959 390
635 971
119 346
687 803
855 198
952 287
705 569
831 41
617 341
467 794
358 885
90 511
143 107
316 525
392 603
910 267
859 417
660 822
672 518
243 644
191 428
543 923
570 551
936 349
39 744
703 494
49 872
745 150
645 216
795 231
857 930
128 117
434 181
911 645
130 666
866 144
630 185
890 26
819 26
625 287
131 124
814 291
796 890
819 8
383 162
961 942
527 619
749 583
861 141
623 978
666 397
44 489
10 681
600 137
999 3
473 964
886 31
771 202
650 921
568 854
111 688
79 150
85 981
824 859
471 200
993 840
559 521
252 209
729 886
459 498
456 206
132 777
922 503
686 388
673 571
175 897
253 481
200 243
608 208
349 910
647 107
564 699
198 905
59 473
312 380
757 226
388 945
502 563
266 341
739 516
132 446
671 391
604 938
574 854
117 777
65 870
82 956
123 168
566 490
643 202
290 529
40 676
612 124
668 318
464 260
742 747
322 254
195 628
949 259
401 245
754 454
791 544
39 319
596 712
62 228
171 91
293 432
141 238
327 145
330 951
166 273
995 955
155 32
856 467
31 669
266 289
477 853
170 623
924 276
799 664
526 448
675 902
141 94
644 907
448 244
691 176
322 725
412 176
219 691
438 979
166 578
316 443
97 896
157 889
932 29
678 489
463 437
379 934
914 659
534 168
511 409
774 635
119 952
378 557
144 266
590 755
760 218
44 243
414 389
950 203
608 926
419 273
62 80
599 720
637 285
349 508
406 891
711 907
215 88
559 771
945 683
896 578
204 100
811 846
977 90
155 930
601 662
983 452
255 893
751 88
293 528
4 709
892 2
693 223
240 409
115 892
133 8
302 657
86 56
271 158
165 423
357 69
302 512
857 335
949 359
843 812
971 243
790 789
938 8
901 132
557 802
453 297
216 240
182 965
769 818
41 395
169 222
61 984
852 530
544 510
672 35
302 482
680 750
383 221
296 215
829 467
705 45
354 53
843 986
857 922
740 389
434 125
662 573
493 542
117 466
409 393
635 285
206 602
681 85
899 42
663 221
701 906
446 264
525 220
13 392
606 25
511 351
663 50
990 864
614 516
672 751
801 973
591 25
533 546
348 936
370 688
746 791
984 672
306 500
1 354
149 922
477 381
905 278
173 100
417 466
325 313
935 944
183 143
167 522
294 972
386 431
171 591
23 550
139 45
270 817
343 453
271 536
917 22
634 898
516 869
486 471
968 82
642 783
257 299
3 731
426 418
299 176
295 132
189 641
850 829
137 318
814 608
447 89
15 261
493 267
133 842
446 131
428 634
30 450
324 571
328 574
275 25
244 283
406 893
668 576
857 393
90 24
990 623
458 580
394 536
380 353
790 838
298 973
62 45
195 835
835 495
721 500
224 802
668 149
726 903
899 701
57 540
479 285
766 197
322 456
235 809
911 672
970 300
734 285
922 651
961 167
550 435
398 956
790 479
136 747
28 393
161 808
628 550
758 161
740 916
45 714
67 814
343 933
844 954
225 78
157 801
230 473
38 373
641 636
969 95
421 552
542 684
135 878
27 609
429 77
582 157
112 599
923 555
525 307
653 382
16 781
589 576
348 210
186 181
353 716
444 765
233 118
860 53
755 793
438 455
591 135
613 475
985 796
508 159
604 844
256 90
3 823
902 449
444 963
159 440
567 303
937 786
609 733
437 83
629 530
603 507
439 371
604 809
642 565
156 384
721 20
371 687
501 740
262 834
877 649
643 977
826 313
475 669
665 637
747 889
975 856
229 902
432 744
472 901
327 505
539 689
668 475
463 713
100 181
891 130
13 554
881 424
701 413
256 342
601 793
288 134
592 180
352 969
976 275
481 683
249 439
857 48
285 551
958 789
455 379
904 991
16 455
677 246
311 600
903 884
752 8
625 286
183 642
395 803
301 307
999 860
184 893
974 554
955 157
278 109
925 778
641 559
662 967
940 541
861 61
55 234
112 484
865 58
318 872
895 322
128 932
628 335
225 992
922 210
830 719
135 227
815 613
894 14
396 653
93 885
956 437
742 66
814 847
525 680
315 47
823 903
510 390
794 699
135 385
103 525
180 542
661 73
229 119
886 609
91 122
510 608
794 605
29 928
734 895
110 181
495 771
403 23
264 847
483 325
66 423
780 687
285 199
87 351
214 820
129 635
556 838
423 889
426 47
501 594
215 485
160 159
108 701
553 984
146 414
937 441
848 12
995 335
756 964
602 55
655 35
72 705
901 175
632 770
725 371
786 225
255 668
174 658
963 523
26 668
235 864
161 517
553 267
891 310
761 488
843 254
44 793
120 591
179 214
161 871
240 792
258 219
376 296
798 943
356 966
589 964
109 762
292 46
477 118
21 840
309 941
1 404
634 282
323 513
620 793
335 999
24 674
41 516
158 749
399 717
99 79
319 442
563 568
68 250
984 995
345 795
876 593
384 169
194 329
309 353
557 187
172 223
347 822
110 375
312 426
685 791
512 499
551 946
997 150
265 165
930 177
559 983
552 867
632 465
975 867
924 919
657 756
30 374
885 639
914 710
901 481
406 961
775 456
967 864
255 594
809 578
412 65
30 528
626 437
22 640
316 933
243 895
715 233
471 855
416 674
41 394
259 351
190 805
472 10
341 290
878 513
347 971
575 547
389 738
913 1000
40 108
259 138
227 542
301 379
429 838
269 797
254 293
165 732
715 496
124 785
550 705
75 547
775 676
118 711
784 121
482 658
871 140
326 515
718 257
741 608
723 493
580 290
620 547
803 5
107 624
236 788
69 148
868 613
228 900
817 161
266 185
280 117
635 707
301 993
360 419
324 666
682 624
301 626
391 706
68 771
452 482
823 749
761 216
495 332
229 784
466 706
983 491
532 1
212 830
764 250
125 944
610 720
203 778
920 850
209 509
918 475
114 306
946 577
608 479
517 6
560 445
648 203
441 595
706 65
209 289
502 36
963 562
503 277
160 421
716 170
865 736
131 356
643 995
812 853
482 16
411 20
50 364
235 808
587 95
175 486
603 113
961 166
874 641
843 134
900 327
731 845
754 678
573 98
814 372
451 654
639 225
525 81
976 77
995 545
743 135
299 136
488 649
586 78
400 975
883 512
221 185
59 194
813 341
712 696
604 382
215 705
651 279
689 216
887 789
447 696
456 69
77 427
150 473
746 42
603 687
949 599
722 51
7 81
710 528
380 851
971 784
510 66
355 567
797 692
779 137
950 466
6 547
920 308
901 263
980 988
68 758
750 494
327 363
201 271
539 771
460 72
591 812
744 195
838 893
859 306
678 714
517 856
904 275
759 277
412 26
568 224
108 745
694 608
74 553
94 428
769 968
479 109
858 809
920 588
151 812
544 456
601 137
154 868
765 902
3 495
903 998
835 477
669 704
504 481
32 779
307 387
130 664
517 284
758 480
670 826
106 523
792 932
276 764
67 892
174 960
819 397
222 844
293 489
193 602
302 100
966 736
808 41
58 712
260 696
979 64
192 286
656 237
451 507
312 497
839 596
400 811
884 835
478 756
687 480
656 124
306 445
36 278
222 761
116 100
957 634
748 865
141 589
833 135
101 345
708 439
451 166
573 699
23 734
580 137
85 821
15 606
272 674
292 685
349 908
844 484
315 516
815 903
907 504
292 569
530 885
842 799
807 355
973 119
811 868
684 238
856 261
302 921
833 935
207 484
290 333
309 95
475 843
313 148
293 5
217 816
937 559
829 521
467 824
801 40
911 39
936 381
534 778
939 230
185 833
887 164
869 361
205 974
804 808
492 172
973 443
596 714
463 605
411 958
88 801
562 633
869 587
981 1
85 60
593 633
614 941
668 77
597 81
601 119
302 311
703 686
341 275
622 764
238 124
420 134
576 980
302 166
587 244
779 150
558 983
463 145
957 111
412 593
805 134
572 247
504 205
303 681
329 38
866 775
339 253
451 471
515 158
957 557
262 429
390 374
462 646
361 486
569 753
698 943
76 847
42 843
538 84
816 286
67 660
984 996
328 72
456 157
936 903
794 365
375 626
219 238
186 477
888 239
573 917
409 698
375 995
893 98
766 240
271 804
953 309
493 404
993 564
656 618
194 979
289 77
141 932
792 100
704 816
806 572
697 169
642 762
773 260
595 710
838 810
893 309
159 657
109 486
274 189
977 890
940 394
156 185
963 827
516 294
730 82
693 78
660 889
846 612
316 567
833 347
981 963
912 854
536 950
496 211
260 30
672 682
728 478
782 191
450 700
844 460
888 804
305 524
144 910
600 242
454 730
725 32
491 118
109 955
455 723
57 736
886 29
762 39
729 214
625 293
61 297
121 6
654 262
801 850
415 502
805 186
117 218
116 271
505 272
369 85
76 909
865 240
650 972
953 809
28 756
495 794
353 821
814 938
875 840
694 396
629 873
615 138
263 113
505 995
859 764
91 278
788 688
440 542
497 531
974 223
722 76
962 767
227 564
128 139
898 419
426 416
82 318
580 193
50 672
845 227
827 376
669 405
466 560
267 929
661 241
469 803
495 335
251 827
983 490
414 931
769 336
644 375
920 804
172 625
216 513
165 456
627 309
783 32
587 739
494 495
260 99
156 12
820 91
810 17
230 768
485 825
201 331
303 314
925 657
906 661
621 226
252 907
330 302
882 526
369 929
779 768
523 922
748 235
92 583
718 823
554 828
754 236
39 948
943 226
781 195
966 193
783 533
329 156
781 84
586 508
349 114
762 285
283 620
104 64
729 460
844 779
41 562
885 209
334 329
227 795
860 775
12 245
568 957
386 286
650 627
633 153
979 901
373 414
926 668
859 683
589 638
97 340
832 737
962 848
547 86
404 93
22 374
105 827
48 15
46 526
196 159
676 641
115 489
133 650
669 456
559 852
47 709
368 522
273 537
881 332
932 856
661 390
241 237
756 516
99 283
840 2
156 370
360 205
203 809
705 687
483 9
817 793
470 257
203 134
866 474
948 76
479 93
544 346
548 564
38 84
95 13
332 369
631 79
138 694
13 778
126 877
17 463
468 35
142 321
202 212
993 543
235 932
771 384
899 215
888 570
934 768
852 221
969 287
218 781
284 638
993 562
447 872
946 57
748 493
987 687
239 522
495 636
187 423
300 894
70 272
932 75
404 940
166 775
871 70
675 299
234 25
940 180
717 496
63 574
85 978
871 215
859 695
516 680
477 468
758 591
941 421
36 501
612 596
849 270
135 387
945 819
323 99
430 709
87 919
833 818
280 174
155 810
393 881
671 354
394 154
893 206
52 466
251 973
792 9
261 330
172 795
950 302
312 238
976 181
741 123
851 663
191 158
964 493
196 612
113 966
632 550
81 352
13 763
570 996
75 270
114 488
151 621
498 907
83 779
544 759
941 779
215 618
308 874
401 234
131 385
264 62
127 451
994 282
80 454
751 123
30 980
307 113
682 431
278 434
338 617
216 53
221 316
600 192
500 501
763 313
1000 917
838 816
219 369
477 963
980 46
174 989
411 509
784 881
202 426
956 23
675 693
704 87
957 699
503 945
767 196
844 851
957 556
561 323
135 176
508 396
354 501
951 50
738 445
645 927
478 864
390 262
121 421
504 283
234 140
197 792
254 203
609 456
976 597
560 788
979 810
929 995
177 292
840 228
306 640
917 96
349 638
263 306
582 532
756 303
502 798
285 391
696 530
96 434
47 765
561 703
882 212
864 951
518 78
868 903
854 342
40 609
105 523
578 364
9 63
372 837
765 762
983 295
125 539
312 1000
935 128
8 481
762 608
194 404
412 67
839 292
585 78
202 765
999 674
263 916
435 19
933 816
317 75
283 71
964 950
696 172
74 320
259 127
246 253
767 309
749 746
307 363
606 141
258 189
614 680
689 583
905 642
727 907
728 27
750 990
382 892
805 778
331 703
480 83
63 656
410 258
179 480
442 841
142 20
899 346
741 541
90 641
185 627
974 173
430 547
604 442
72 27
788 689
93 699
275 719
220 387
872 753
300 14
953 336
699 820
901 656
36 609
980 843
730 866
497 205
363 804
445 408
259 993
417 108
940 472
564 412
493 507
703 455
463 758
742 551
981 885
730 55
891 555
961 489
213 76
470 341
268 332
204 769
223 103
389 913
657 897
397 390
695 917
916 998
973 723
151 891
134 879
857 520
982 355
640 992
402 431
604 683
170 659
71 337
154 431
502 375
272 646
674 427
661 116
59 486
848 673
466 284
528 303
801 893
992 956
352 475
225 67
558 895
11 712
512 851
503 968
384 454
681 336
488 535
729 475
430 861
624 358
205 739
831 691
318 962
45 122
653 379
383 532
258 709
957 965
162 425
664 987
332 633
676 599
759 802
188 757
494 979
855 271
250 938
603 918
418 142
609 353
261 452
209 19
979 595
52 511
568 755
129 882
495 509
355 646
981 582
626 823
185 75
369 294
51 558
604 962
985 733
713 846
811 425
338 977
617 490
679 700
14 192
967 810
345 47
191 424
319 743
639 754
416 974
271 320
714 918
56 276
517 393
904 962
407 241
528 990
527 800
179 78
164 282
621 727
294 653
139 716
250 185
986 116
562 423
678 231
330 113
993 279
496 329
294 540
633 888
608 564
896 880
549 26
258 101
978 724
460 835
745 743
282 111
141 280
434 866
457 195
926 993
371 389
671 664
603 894
529 887
123 776
538 207
81 616
279 511
12 154
880 540
457 829
594 806
580 469
247 257
861 703
542 937
746 12
676 855
163 892
112 852
441 130
6 218
730 568
290 558
751 354
916 149
96 312
133 749
617 906
745 555
621 946
842 797
426 264
835 108
236 777
121 964
627 462
61 524
502 678
216 587
967 1000
34 836
878 189
695 537
68 635
365 224
26 839
119 88
263 802
912 876
530 311
352 833
108 719
34 550
308 441
290 924
352 889
976 355
170 422
526 827
378 197
571 926
488 582
511 867
701 303
39 648
824 928
190 917
415 617
397 462
723 696
308 590
256 929
965 167
528 585
439 277
779 984
852 242
174 994
879 795
378 198
257 918
387 375
177 159
654 475
291 147
903 392
429 1
909 823
213 666
400 777
664 710
431 609
870 212
282 357
671 781
802 620
909 904
680 336
662 192
223 906
496 817
940 802
703 530
466 153
401 990
970 537
719 902
315 324
962 648
802 846
537 11
495 87
704 532
279 854
11 220
16 630
669 399
119 504
940 358
65 548
614 907
603 36
649 789
293 540
114 43
497 177
206 555
247 453
748 686
548 754
276 72
311 936
60 744
406 964
557 636
6 258
319 857
962 127
783 127
990 657
921 942
573 745
251 349
288 193
499 839
231 388
303 11
783 285
715 123
226 4
58 829
259 126
390 788
463 198
247 559
602 586
325 225
142 425
382 786
933 482
754 641
205 779
761 235
836 755
321 602
430 100
473 647
535 3
24 995
776 434
923 293
192 297
909 202
913 783
733 390
491 807
607 509
618 472
801 946
434 701
515 252
112 559
916 98
867 721
780 200
672 961
512 918
14 816
640 836
222 695
978 81
346 135
874 14
519 322
812 200
809 179
11 107
176 603
121 674
868 838
760 839
228 229
409 517
90 194
932 983
20 162
850 712
815 814
765 443
893 358
705 325
829 990
703 997
501 701
1000 116
618 719
394 437
15 323
376 333
350 946
186 563
649 441
388 171
302 689
530 492
804 787
677 619
548 869
109 89
342 878
829 672
457 105
170 495
90 262
623 400
971 147
646 425
410 911
282 596
817 989
268 551
402 285
574 223
960 735
282 967
856 480
787 882
645 368
776 225
631 907
819 5
892 597
508 898
41 133
726 724
213 911
179 787
369 641
886 494
201 108
268 107
70 155
328 454
939 906
101 767
463 504
157 829
857 517
896 691
128 557
184 985
560 608
278 935
559 274
562 210
233 344
395 249
35 174
305 27
44 288
525 303
193 782
106 121
659 158
976 655
614 145
249 241
492 993
382 341
845 931
984 709
149 156
101 179
85 798
521 710
125 108
757 501
285 477
142 638
751 190
517 530
440 282
422 734
134 226
402 581
449 732
730 839
507 450
816 579
788 27
3 435
683 327
594 278
261 229
397 997
973 178
80 47
423 849
138 963
881 467
165 490
683 158
109 60
696 920
661 614
934 439
494 393
49 786
449 24
568 419
530 355
204 806
721 468
687 505
246 489
939 852
571 994
596 407
977 755
190 736
431 254
397 227
805 397
866 173
596 262
779 814
943 19
382 987
379 736
824 851
787 620
681 401
481 107
926 845
84 541
371 97
737 922
277 311
832 946
49 440
119 138
69 53
382 4
185 712
866 721
996 768
813 438
262 452
619 491
250 634
126 9
257 196
920 388
993 210
41 701
850 189
542 543
654 649
345 771
107 684
400 716
628 506
337 167
101 326
197 947
978 168
427 946
745 179
24 42
529 690
162 61
860 132
73 590
376 139
544 845
742 160
485 217
837 628
807 284
204 311
578 612
247 371
58 6
910 607
124 510
125 787
589 164
382 515
377 974
600 919
802 495
218 230
271 16
545 439
138 999
398 397
492 280
653 759
260 406
118 486
707 327
912 877
216 362
144 647
80 577
41 257
795 952
707 155
816 123
104 447
18 115
477 654
95 99
449 149
623 569
312 667
244 734
905 475
585 702
331 718
877 318
422 638
165 962
938 706
740 586
302 165
378 791
933 979
316 79
260 633
495 557
810 555
481 119
504 208
802 651
430 184
72 948
765 14
532 956
519 554
867 551
151 358
407 728
448 919
267 365
362 37
918 204
984 632
569 846
842 378
1 138
681 568
850 161
888 20
837 421
155 133
641 459
770 273
813 205
200 276
418 183
717 305
383 781
593 790
570 53
557 345
265 169
484 59
67 213
949 223
218 75
110 85
111 260
702 441
226 622
298 931
190 237
323 268
967 975
881 266
458 557
954 694
704 977
85 266
565 16
488 348
142 963
811 496
989 521
43 778
446 341
695 770
539 490
756 796
668 142
616 231
88 768
70 752
381 977
211 65
477 658
351 233
78 947
670 599
342 996
537 878
621 736
960 355
744 730
193 372
446 518
217 382
218 673
422 406
429 817
66 621
884 625
403 830
795 448
923 183
637 775
670 896
511 346
349 107
480 230
454 546
657 368
785 315
399 783
790 180
452 923
126 246
310 511
954 325
771 777
837 8
452 42
804 199
589 599
440 946
451 210
474 657
263 620
295 349
651 205
979 3
858 571
784 426
246 402
163 823
759 969
148 48
354 733
521 179
381 448
683 346
209 215
835 39
105 262
927 607
696 898
327 643
399 22
344 535
945 197
591 659
133 87
190 24
247 89
489 897
274 47
367 608
815 508
696 108
5 318
629 858
873 692
342 913
933 210
539 359
243 972
869 896
230 918
655 261
123 475
293 196
991 509
95 200
250 705
117 256
63 571
853 508
13 197
678 249
629 357
419 901
23 44
814 265
501 18
965 867
658 781
36 905
735 777
791 43
746 594
818 71
303 765
713 771
352 477
405 333
903 578
465 594
690 13
672 512
784 970
72 972
455 871
119 974
615 965
871 95
267 437
965 22
513 445
948 996
956 319
361 419
548 145
272 412
996 579
85 940
176 120
999 328
548 224
236 884
241 678
114 525
101 178
211 590
855 265
431 888
94 965
638 52
276 18
975 656
104 889
985 912
414 224
950 470
328 865
253 10
439 599
11 372
547 774
226 947
642 526
109 282
254 733
9 228
548 779
950 611
682 767
720 80
744 86
617 488
212 596
13 549
398 33
769 595
476 833
5 385
887 77
139 915
35 834
332 364
687 827
709 927
160 308
150 550
113 520
153 557
170 629
870 738
972 417
767 382
472 373
628 912
545 560
182 595
143 971
80 793
524 842
690 94
339 116
503 825
659 584
382 186
211 987
214 979
486 84
291 70
628 293
687 492
301 97
159 71
470 868
92 106
439 247
793 274
267 46
387 407
604 461
521 775
885 468
68 18
675 10
931 148
589 496
901 564
828 628
68 958
25 833
334 245
828 858
694 149
347 122
590 42
544 846
998 319
157 245
617 25
566 83
569 749
637 848
385 458
224 606
698 876
