872
322 47
863 69
241 75
117 72
151 319
88 246
733 77
500 258
527 205
152 39
333 203
487 531
182 418
62 13
598 532
565 563
704 646
233 304
508 555
160 456
1 77
772 773
516 282
772 386
9 2
417 416
298 351
146 573
84 100
207 55
643 26
569 114
59 738
842 313
114 27
254 790
27 734
210 774
112 199
79 834
501 188
226 236
36 11
21 91
770 434
354 539
149 503
763 864
255 74
703 615
372 403
98 323
158 55
105 190
402 156
20 42
401 346
92 34
436 579
521 109
865 730
344 806
308 444
138 123
66 398
349 77
568 613
361 545
317 137
20 33
257 136
203 128
58 99
142 30
76 514
805 516
13 297
39 719
287 86
85 46
195 157
259 271
763 155
866 426
56 27
10 68
585 451
200 208
19 489
671 257
89 57
310 182
162 51
76 50
137 119
13 328
135 313
602 319
41 78
767 54
816 72
3 1
189 223
188 388
2 1
584 697
134 556
576 75
650 521
130 106
386 204
17 722
125 185
89 96
347 574
165 76
55 43
130 507
96 303
6 83
64 141
228 279
480 696
395 226
200 833
607 578
698 399
95 729
153 58
455 319
278 341
197 170
212 747
264 147
234 42
718 497
166 46
771 165
6 8
744 209
610 811
110 103
61 25
242 221
473 408
808 637
389 262
25 35
71 807
73 272
79 7
61 72
792 47
6 146
507 510
764 741
828 269
589 564
4 174
47 292
497 328
238 252
688 307
415 27
22 750
289 242
59 237
492 488
466 164
656 282
105 128
215 384
244 488
674 215
691 778
48 159
685 390
314 370
638 206
375 429
145 824
303 680
600 210
224 870
727 336
6 46
625 201
232 359
67 172
240 94
176 62
245 331
109 260
133 150
206 38
45 856
670 638
548 376
273 291
663 383
196 593
128 720
205 43
495 350
409 380
222 725
155 141
724 43
312 335
133 84
667 672
143 124
435 333
139 103
177 581
15 5
535 494
526 240
558 185
70 73
740 324
204 13
21 124
15 101
623 106
296 261
846 346
212 617
38 57
98 96
322 728
518 442
368 128
47 226
79 330
376 369
111 99
462 348
384 659
260 353
199 301
347 427
59 173
46 345
233 848
621 268
3 30
4 404
584 752
88 126
832 720
177 493
151 467
137 245
62 532
374 693
568 584
577 102
632 637
288 174
523 17
399 250
224 561
349 391
852 784
800 208
70 434
802 390
390 198
321 787
330 440
511 289
107 34
324 275
50 34
161 65
18 591
6 342
626 447
169 225
280 716
187 474
801 481
20 378
40 163
262 241
274 44
144 374
259 334
312 127
24 29
248 458
354 567
309 223
718 732
485 51
116 23
396 517
205 678
327 207
305 110
276 365
817 147
191 193
735 652
27 28
311 291
467 646
74 12
49 13
380 189
368 677
468 121
109 211
426 453
104 16
136 175
189 425
34 102
541 213
233 149
38 9
519 317
482 290
602 629
541 615
362 155
198 230
420 217
53 151
471 830
464 172
13 108
117 149
687 170
544 254
704 835
169 250
188 165
14 53
537 430
711 87
441 422
424 431
648 298
19 24
314 308
692 345
742 133
654 853
64 43
19 11
13 23
91 187
3 16
709 601
295 247
339 271
8 20
559 411
63 13
333 547
213 96
404 737
74 105
286 29
641 241
361 675
265 277
375 768
570 278
441 799
54 41
436 347
114 300
405 96
241 340
857 651
35 125
463 568
868 60
243 45
147 381
840 260
135 261
730 867
529 168
632 124
491 288
109 40
308 499
353 379
198 75
16 813
55 268
416 260
793 656
225 820
445 190
144 354
41 145
719 860
656 836
457 307
184 182
46 48
566 447
684 195
307 814
563 257
616 136
249 196
82 7
265 243
178 144
12 284
124 605
484 455
161 180
336 18
589 647
284 597
176 369
5 546
472 17
49 628
610 366
471 791
177 142
706 109
16 135
845 528
188 450
384 690
561 624
196 217
73 664
535 708
218 33
317 447
156 477
393 49
37 785
97 855
235 201
432 769
781 749
134 9
595 284
2 644
106 50
683 413
290 136
96 739
10 308
74 154
58 364
16 829
8 412
557 307
285 109
587 206
120 636
694 486
673 638
203 490
113 86
316 471
296 346
250 502
650 691
90 41
394 351
85 321
710 93
113 599
416 679
391 430
193 618
419 204
206 214
405 432
651 373
118 48
262 344
512 493
253 372
41 461
164 132
788 500
325 53
757 424
299 284
21 306
88 338
283 175
3 212
392 571
32 11
637 649
414 170
339 452
761 134
115 80
257 387
496 176
796 691
228 433
294 326
181 123
203 460
84 479
188 357
14 11
360 346
121 554
661 334
345 575
681 782
823 10
118 428
804 116
365 826
515 20
285 562
608 398
232 61
25 731
784 702
839 232
254 32
478 604
700 403
668 263
39 37
30 80
143 494
62 256
463 145
715 274
148 33
170 155
59 655
25 7
215 124
550 634
309 762
161 423
221 171
90 244
67 168
174 210
320 633
766 656
400 279
809 600
45 373
413 448
635 587
267 239
75 26
93 278
128 798
17 27
58 2
765 533
214 723
182 43
442 712
90 487
10 4
622 609
594 507
363 280
753 183
139 315
849 521
699 289
48 160
329 127
115 838
140 44
645 143
157 144
67 156
141 660
538 56
287 355
713 214
408 201
15 17
216 27
53 144
504 119
337 114
351 776
369 540
382 294
209 831
282 1
4 6
189 71
533 356
243 352
333 437
549 278
75 603
143 273
270 476
83 520
422 165
578 128
534 522
702 135
644 851
388 513
89 478
794 537
692 756
540 780
495 736
59 366
275 9
496 758
664 755
147 82
247 119
120 227
11 2
7 5
96 480
630 154
470 486
553 143
654 222
4 69
4 70
112 33
506 402
533 871
711 837
287 652
114 136
872 1
775 390
619 458
67 505
609 112
394 483
571 754
454 164
85 97
653 599
667 743
132 200
583 68
209 158
858 853
714 153
371 298
22 869
170 681
582 250
573 666
281 244
854 818
53 196
56 586
701 642
86 33
94 525
483 686
730 679
291 318
34 14
564 640
408 564
572 294
525 552
332 268
717 604
681 819
726 677
844 619
200 229
403 451
93 347
5 2
251 162
260 705
376 818
12 536
391 465
231 191
8 65
293 65
81 2
31 12
43 266
789 652
367 319
220 530
219 166
669 33
61 120
169 122
85 269
259 94
167 95
213 248
438 75
202 104
37 41
16 759
595 841
803 797
345 375
316 41
421 253
214 542
52 30
481 215
148 194
531 862
475 822
620 85
43 6
71 60
783 576
14 270
60 59
134 392
361 300
466 543
88 38
665 69
745 559
707 361
442 196
439 177
193 396
294 121
93 67
168 258
386 812
695 235
170 276
201 26
228 199
129 15
121 108
3 67
238 138
390 825
25 179
580 48
220 148
592 176
122 114
459 80
551 110
12 6
126 132
15 22
201 631
436 449
186 153
21 37
827 156
71 786
605 795
29 470
524 746
307 63
606 850
657 95
40 12
277 658
59 1
30 95
749 327
143 320
639 319
272 810
518 590
127 26
406 388
596 797
101 123
71 224
614 432
187 239
544 760
741 76
514 748
35 859
191 76
263 38
356 291
4 3
183 160
410 255
